Vlasnik = -/-
Pickup_X = 1684.609985
Pickup_Y = -2098.310058
Pickup_Z = 13.834323
Interior_X = 2196.414794
Interior_Y = -1204.106079
Interior_Z = 1049.023437
Cijena = 3500000
Interior = 6
Virtual = 313
Zakljucano = 1
