Vlasnik = -/-
Pickup_X = 2155.852539
Pickup_Y = -1814.929931
Pickup_Z = 13.546875
Interior_X = 2196.414794
Interior_Y = -1204.106079
Interior_Z = 1049.023437
Cijena = 3500000
Interior = 6
Virtual = 717
Zakljucano = 1
