Vlasnik = -/-
Pickup_X = 2308.853759
Pickup_Y = -1714.591674
Pickup_Z = 14.649595
Interior_X = 2496.219238
Interior_Y = -1693.817260
Interior_Z = 1014.742187
Cijena = 2500000
Interior = 3
Virtual = 55
Zakljucano = 1
