Vlasnik = -/-
Pickup_X = 2385.362792
Pickup_Y = -1711.720947
Pickup_Z = 14.242187
Interior_X = 234.199996
Interior_Y = 1064.900024
Interior_Z = 1084.199951
Cijena = 5000000
Interior = 6
Virtual = 1450
Zakljucano = 1
