Vlasnik = -/-
Pickup_X = 2402.318359
Pickup_Y = -1715.456298
Pickup_Z = 14.132812
Interior_X = 2496.219238
Interior_Y = -1693.817260
Interior_Z = 1014.742187
Cijena = 2500000
Interior = 3
Virtual = 1041
Zakljucano = 1
