Vlasnik = -/-
Pickup_X = 1711.387084
Pickup_Y = -2101.416503
Pickup_Z = 14.021014
Interior_X = 2196.414794
Interior_Y = -1204.106079
Interior_Z = 1049.023437
Cijena = 3500000
Interior = 6
Virtual = 1498
Zakljucano = 1
