Vlasnik = -/-
Pickup_X = 2495.329589
Pickup_Y = -1691.050537
Pickup_Z = 14.765625
Interior_X = 234.199996
Interior_Y = 1064.900024
Interior_Z = 1084.199951
Cijena = 5000000
Interior = 6
Virtual = 1057
Zakljucano = 1
