Vlasnik = -/-
Pickup_X = 2523.272216
Pickup_Y = -1679.236694
Pickup_Z = 15.496999
Interior_X = 2496.219238
Interior_Y = -1693.817260
Interior_Z = 1014.742187
Cijena = 2500000
Interior = 3
Virtual = 223
Zakljucano = 1
