Vlasnik = -/-
Pickup_X = 2524.708007
Pickup_Y = -1658.524169
Pickup_Z = 15.824020
Interior_X = 2496.219238
Interior_Y = -1693.817260
Interior_Z = 1014.742187
Cijena = 2500000
Interior = 3
Virtual = 153
Zakljucano = 1
