Vlasnik = -/-
Pickup_X = 2498.500000
Pickup_Y = -1642.252929
Pickup_Z = 14.113082
Interior_X = 234.199996
Interior_Y = 1064.900024
Interior_Z = 1084.199951
Cijena = 5000000
Interior = 6
Virtual = 1171
Zakljucano = 1
