Vlasnik = -/-
Pickup_X = 2486.626708
Pickup_Y = -1644.811401
Pickup_Z = 14.077178
Interior_X = 234.199996
Interior_Y = 1064.900024
Interior_Z = 1084.199951
Cijena = 5000000
Interior = 6
Virtual = 599
Zakljucano = 1
