Vlasnik = -/-
Pickup_X = 2451.965087
Pickup_Y = -1641.502807
Pickup_Z = 14.066207
Interior_X = 2196.414794
Interior_Y = -1204.106079
Interior_Z = 1049.023437
Cijena = 3500000
Interior = 6
Virtual = 972
Zakljucano = 1
