Vlasnik = -/-
Pickup_X = 1733.952392
Pickup_Y = -2098.065917
Pickup_Z = 14.036639
Interior_X = 2496.219238
Interior_Y = -1693.817260
Interior_Z = 1014.742187
Cijena = 2500000
Interior = 3
Virtual = 1467
Zakljucano = 1
