Vlasnik = -/-
Pickup_X = 2393.365966
Pickup_Y = -1646.131713
Pickup_Z = 13.905097
Interior_X = 2196.414794
Interior_Y = -1204.106079
Interior_Z = 1049.023437
Cijena = 3500000
Interior = 6
Virtual = 250
Zakljucano = 1
