Vlasnik = -/-
Pickup_X = 2362.855957
Pickup_Y = -1643.411865
Pickup_Z = 14.275084
Interior_X = 2196.414794
Interior_Y = -1204.106079
Interior_Z = 1049.023437
Cijena = 3500000
Interior = 6
Virtual = 1430
Zakljucano = 1
