Vlasnik = -/-
Pickup_X = 2368.330078
Pickup_Y = -1675.346069
Pickup_Z = 14.168166
Interior_X = 234.199996
Interior_Y = 1064.900024
Interior_Z = 1084.199951
Cijena = 5000000
Interior = 6
Virtual = 1174
Zakljucano = 1
