Vlasnik = -/-
Pickup_X = 2409.073486
Pickup_Y = -1674.179077
Pickup_Z = 13.605231
Interior_X = 2496.219238
Interior_Y = -1693.817260
Interior_Z = 1014.742187
Cijena = 2500000
Interior = 3
Virtual = 181
Zakljucano = 1
