Vlasnik = -/-
Pickup_X = 2256.487548
Pickup_Y = -1397.216552
Pickup_Z = 24.573816
Interior_X = 2496.219238
Interior_Y = -1693.817260
Interior_Z = 1014.742187
Cijena = 2500000
Interior = 3
Virtual = 701
Zakljucano = 1
