Vlasnik = -/-
Pickup_X = 2243.644775
Pickup_Y = -1397.065063
Pickup_Z = 24.243347
Interior_X = 2496.219238
Interior_Y = -1693.817260
Interior_Z = 1014.742187
Cijena = 2500000
Interior = 3
Virtual = 910
Zakljucano = 1
