Vlasnik = -/-
Pickup_X = 1762.076416
Pickup_Y = -2101.983154
Pickup_Z = 13.856951
Interior_X = 2496.219238
Interior_Y = -1693.817260
Interior_Z = 1014.742187
Cijena = 2500000
Interior = 3
Virtual = 149
Zakljucano = 1
