Vlasnik = -/-
Pickup_X = 2194.513671
Pickup_Y = -1443.341918
Pickup_Z = 25.743347
Interior_X = 2496.219238
Interior_Y = -1693.817260
Interior_Z = 1014.742187
Cijena = 2500000
Interior = 3
Virtual = 976
Zakljucano = 1
