Vlasnik = -/-
Pickup_X = 2190.498291
Pickup_Y = -1470.360229
Pickup_Z = 25.914062
Interior_X = 2496.219238
Interior_Y = -1693.817260
Interior_Z = 1014.742187
Cijena = 2500000
Interior = 3
Virtual = 490
Zakljucano = 1
