Vlasnik = -/-
Pickup_X = 2190.456298
Pickup_Y = -1487.682373
Pickup_Z = 26.105066
Interior_X = 2496.219238
Interior_Y = -1693.817260
Interior_Z = 1014.742187
Cijena = 2500000
Interior = 3
Virtual = 614
Zakljucano = 1
