Vlasnik = -/-
Pickup_X = 2247.563964
Pickup_Y = -1469.463134
Pickup_Z = 24.480066
Interior_X = 2496.219238
Interior_Y = -1693.817260
Interior_Z = 1014.742187
Cijena = 2500000
Interior = 3
Virtual = 1079
Zakljucano = 1
