Vlasnik = -/-
Pickup_X = 2148.873046
Pickup_Y = -1484.926757
Pickup_Z = 26.624008
Interior_X = 234.199996
Interior_Y = 1064.900024
Interior_Z = 1084.199951
Cijena = 5000000
Interior = 6
Virtual = 8
Zakljucano = 1
