Vlasnik = -/-
Pickup_X = 1781.359375
Pickup_Y = -2101.419921
Pickup_Z = 14.056648
Interior_X = 2196.414794
Interior_Y = -1204.106079
Interior_Z = 1049.023437
Cijena = 3500000
Interior = 6
Virtual = 408
Zakljucano = 1
