Vlasnik = -/-
Pickup_X = 2151.950683
Pickup_Y = -1446.229980
Pickup_Z = 25.774595
Interior_X = 2196.414794
Interior_Y = -1204.106079
Interior_Z = 1049.023437
Cijena = 3500000
Interior = 6
Virtual = 370
Zakljucano = 1
