Vlasnik = -/-
Pickup_X = 2150.515380
Pickup_Y = -1419.083007
Pickup_Z = 25.921875
Interior_X = 2496.219238
Interior_Y = -1693.817260
Interior_Z = 1014.742187
Cijena = 2500000
Interior = 3
Virtual = 540
Zakljucano = 1
