Vlasnik = -/-
Pickup_X = 2151.185302
Pickup_Y = -1400.488769
Pickup_Z = 26.128503
Interior_X = 2196.414794
Interior_Y = -1204.106079
Interior_Z = 1049.023437
Cijena = 3500000
Interior = 6
Virtual = 1309
Zakljucano = 1
