Vlasnik = -/-
Pickup_X = 2129.539306
Pickup_Y = -1361.686523
Pickup_Z = 26.136316
Interior_X = 2496.219238
Interior_Y = -1693.817260
Interior_Z = 1014.742187
Cijena = 2500000
Interior = 3
Virtual = 249
Zakljucano = 1
