Vlasnik = -/-
Pickup_X = 2202.721191
Pickup_Y = -1363.671020
Pickup_Z = 26.191003
Interior_X = 2196.414794
Interior_Y = -1204.106079
Interior_Z = 1049.023437
Cijena = 3500000
Interior = 6
Virtual = 255
Zakljucano = 1
