Vlasnik = -/-
Pickup_X = 2250.475097
Pickup_Y = -1280.314453
Pickup_Z = 25.476562
Interior_X = 2196.414794
Interior_Y = -1204.106079
Interior_Z = 1049.023437
Cijena = 3500000
Interior = 6
Virtual = 17
Zakljucano = 1
