Vlasnik = -/-
Pickup_X = 2230.148437
Pickup_Y = -1280.434082
Pickup_Z = 25.367187
Interior_X = 2496.219238
Interior_Y = -1693.817260
Interior_Z = 1014.742187
Cijena = 2500000
Interior = 3
Virtual = 976
Zakljucano = 1
