Vlasnik = -/-
Pickup_X = 1817.636962
Pickup_Y = -2006.127807
Pickup_Z = 13.554395
Interior_X = 2496.219238
Interior_Y = -1693.817260
Interior_Z = 1014.742187
Cijena = 2500000
Interior = 3
Virtual = 73
Zakljucano = 1
