Vlasnik = -/-
Pickup_X = 2207.986572
Pickup_Y = -1280.819946
Pickup_Z = 25.120691
Interior_X = 2496.219238
Interior_Y = -1693.817260
Interior_Z = 1014.742187
Cijena = 2500000
Interior = 3
Virtual = 1259
Zakljucano = 1
