Vlasnik = -/-
Pickup_X = 2191.568603
Pickup_Y = -1275.760864
Pickup_Z = 25.156250
Interior_X = 234.199996
Interior_Y = 1064.900024
Interior_Z = 1084.199951
Cijena = 5000000
Interior = 6
Virtual = 268
Zakljucano = 1
