Vlasnik = -/-
Pickup_X = 2150.354980
Pickup_Y = -1285.205322
Pickup_Z = 24.196470
Interior_X = 2496.219238
Interior_Y = -1693.817260
Interior_Z = 1014.742187
Cijena = 2500000
Interior = 3
Virtual = 363
Zakljucano = 1
