Vlasnik = -/-
Pickup_X = 2132.258056
Pickup_Y = -1280.045288
Pickup_Z = 25.890625
Interior_X = 2196.414794
Interior_Y = -1204.106079
Interior_Z = 1049.023437
Cijena = 3500000
Interior = 6
Virtual = 1200
Zakljucano = 1
