Vlasnik = -/-
Pickup_X = 2090.992187
Pickup_Y = -1277.834960
Pickup_Z = 26.179687
Interior_X = 2196.414794
Interior_Y = -1204.106079
Interior_Z = 1049.023437
Cijena = 3500000
Interior = 6
Virtual = 716
Zakljucano = 1
