Vlasnik = -/-
Pickup_X = 2100.907714
Pickup_Y = -1321.848632
Pickup_Z = 25.953125
Interior_X = 2196.414794
Interior_Y = -1204.106079
Interior_Z = 1049.023437
Cijena = 3500000
Interior = 6
Virtual = 533
Zakljucano = 1
