Vlasnik = -/-
Pickup_X = 2126.726562
Pickup_Y = -1320.699707
Pickup_Z = 26.624128
Interior_X = 234.199996
Interior_Y = 1064.900024
Interior_Z = 1084.199951
Cijena = 5000000
Interior = 6
Virtual = 579
Zakljucano = 1
