Vlasnik = -/-
Pickup_X = 2148.361816
Pickup_Y = -1320.082519
Pickup_Z = 26.073816
Interior_X = 2196.414794
Interior_Y = -1204.106079
Interior_Z = 1049.023437
Cijena = 3500000
Interior = 6
Virtual = 958
Zakljucano = 1
