Vlasnik = -/-
Pickup_X = 2133.463867
Pickup_Y = -1232.999389
Pickup_Z = 24.421875
Interior_X = 234.199996
Interior_Y = 1064.900024
Interior_Z = 1084.199951
Cijena = 5000000
Interior = 6
Virtual = 1345
Zakljucano = 1
