Vlasnik = -/-
Pickup_X = 2153.703125
Pickup_Y = -1243.618530
Pickup_Z = 25.367187
Interior_X = 234.199996
Interior_Y = 1064.900024
Interior_Z = 1084.199951
Cijena = 5000000
Interior = 6
Virtual = 826
Zakljucano = 1
