Vlasnik = -/-
Pickup_X = 2191.833251
Pickup_Y = -1239.234497
Pickup_Z = 24.487878
Interior_X = 2196.414794
Interior_Y = -1204.106079
Interior_Z = 1049.023437
Cijena = 3500000
Interior = 6
Virtual = 1468
Zakljucano = 1
