Vlasnik = -/-
Pickup_X = 2209.674804
Pickup_Y = -1240.247924
Pickup_Z = 24.480066
Interior_X = 2196.414794
Interior_Y = -1204.106079
Interior_Z = 1049.023437
Cijena = 3500000
Interior = 6
Virtual = 475
Zakljucano = 1
