Vlasnik = -/-
Pickup_X = 2229.594482
Pickup_Y = -1241.609375
Pickup_Z = 25.656250
Interior_X = 2196.414794
Interior_Y = -1204.106079
Interior_Z = 1049.023437
Cijena = 3500000
Interior = 6
Virtual = 649
Zakljucano = 1
