Vlasnik = -/-
Pickup_X = 2091.663574
Pickup_Y = -1184.645874
Pickup_Z = 27.057060
Interior_X = 2196.414794
Interior_Y = -1204.106079
Interior_Z = 1049.023437
Cijena = 3500000
Interior = 6
Virtual = 139
Zakljucano = 1
