Vlasnik = -/-
Pickup_X = 2092.244140
Pickup_Y = -1166.364135
Pickup_Z = 26.585937
Interior_X = 2496.219238
Interior_Y = -1693.817260
Interior_Z = 1014.742187
Cijena = 2500000
Interior = 3
Virtual = 784
Zakljucano = 1
