Vlasnik = -/-
Pickup_X = 2095.357666
Pickup_Y = -1145.204956
Pickup_Z = 26.592920
Interior_X = 2196.414794
Interior_Y = -1204.106079
Interior_Z = 1049.023437
Cijena = 3500000
Interior = 6
Virtual = 1047
Zakljucano = 1
