Vlasnik = -/-
Pickup_X = 2094.039062
Pickup_Y = -1122.752685
Pickup_Z = 27.689872
Interior_X = 234.199996
Interior_Y = 1064.900024
Interior_Z = 1084.199951
Cijena = 5000000
Interior = 6
Virtual = 204
Zakljucano = 1
