Vlasnik = -/-
Pickup_X = 2045.520996
Pickup_Y = -1115.967285
Pickup_Z = 26.361747
Interior_X = 2196.414794
Interior_Y = -1204.106079
Interior_Z = 1049.023437
Cijena = 3500000
Interior = 6
Virtual = 70
Zakljucano = 1
