Vlasnik = -/-
Pickup_X = 2022.938476
Pickup_Y = -1120.265625
Pickup_Z = 26.421045
Interior_X = 234.199996
Interior_Y = 1064.900024
Interior_Z = 1084.199951
Cijena = 5000000
Interior = 6
Virtual = 899
Zakljucano = 1
