Vlasnik = -/-
Pickup_X = 1955.166137
Pickup_Y = -1115.433471
Pickup_Z = 27.830497
Interior_X = 2196.414794
Interior_Y = -1204.106079
Interior_Z = 1049.023437
Cijena = 3500000
Interior = 6
Virtual = 380
Zakljucano = 1
