Vlasnik = -/-
Pickup_X = 1939.076904
Pickup_Y = -1114.482299
Pickup_Z = 27.452295
Interior_X = 2496.219238
Interior_Y = -1693.817260
Interior_Z = 1014.742187
Cijena = 2500000
Interior = 3
Virtual = 998
Zakljucano = 1
