Vlasnik = -/-
Pickup_X = 1905.992553
Pickup_Y = -1112.943237
Pickup_Z = 26.664062
Interior_X = 2196.414794
Interior_Y = -1204.106079
Interior_Z = 1049.023437
Cijena = 3500000
Interior = 6
Virtual = 22
Zakljucano = 1
