Vlasnik = -/-
Pickup_X = 2023.241699
Pickup_Y = -1053.180053
Pickup_Z = 25.596122
Interior_X = 2196.414794
Interior_Y = -1204.106079
Interior_Z = 1049.023437
Cijena = 3500000
Interior = 6
Virtual = 1168
Zakljucano = 1
