Vlasnik = -/-
Pickup_X = 2051.041992
Pickup_Y = -1065.845947
Pickup_Z = 25.783622
Interior_X = 234.199996
Interior_Y = 1064.900024
Interior_Z = 1084.199951
Cijena = 5000000
Interior = 6
Virtual = 436
Zakljucano = 1
