Vlasnik = -/-
Pickup_X = 2060.949951
Pickup_Y = -1075.302856
Pickup_Z = 25.686653
Interior_X = 2196.414794
Interior_Y = -1204.106079
Interior_Z = 1049.023437
Cijena = 3500000
Interior = 6
Virtual = 928
Zakljucano = 1
