Vlasnik = -/-
Pickup_X = 2075.078857
Pickup_Y = -1081.800415
Pickup_Z = 25.682788
Interior_X = 2496.219238
Interior_Y = -1693.817260
Interior_Z = 1014.742187
Cijena = 2500000
Interior = 3
Virtual = 1375
Zakljucano = 1
