Vlasnik = -/-
Pickup_X = 2082.534179
Pickup_Y = -1085.187622
Pickup_Z = 25.686620
Interior_X = 2196.414794
Interior_Y = -1204.106079
Interior_Z = 1049.023437
Cijena = 3500000
Interior = 6
Virtual = 664
Zakljucano = 1
