Vlasnik = -/-
Pickup_X = 2108.995849
Pickup_Y = -1082.499389
Pickup_Z = 25.489748
Interior_X = 2496.219238
Interior_Y = -1693.817260
Interior_Z = 1014.742187
Cijena = 2500000
Interior = 3
Virtual = 928
Zakljucano = 1
