Vlasnik = -/-
Pickup_X = 2091.812744
Pickup_Y = -1068.391601
Pickup_Z = 28.084238
Interior_X = 234.199996
Interior_Y = 1064.900024
Interior_Z = 1084.199951
Cijena = 5000000
Interior = 6
Virtual = 835
Zakljucano = 1
