Vlasnik = -/-
Pickup_X = 2077.335693
Pickup_Y = -1057.011840
Pickup_Z = 31.347303
Interior_X = 2196.414794
Interior_Y = -1204.106079
Interior_Z = 1049.023437
Cijena = 3500000
Interior = 6
Virtual = 791
Zakljucano = 1
