Vlasnik = -/-
Pickup_X = 2083.134521
Pickup_Y = -1039.718750
Pickup_Z = 32.209682
Interior_X = 2496.219238
Interior_Y = -1693.817260
Interior_Z = 1014.742187
Cijena = 2500000
Interior = 3
Virtual = 711
Zakljucano = 1
