Vlasnik = -/-
Pickup_X = 1820.269409
Pickup_Y = -1994.104736
Pickup_Z = 13.554395
Interior_X = 234.199996
Interior_Y = 1064.900024
Interior_Z = 1084.199951
Cijena = 5000000
Interior = 6
Virtual = 274
Zakljucano = 1
