Vlasnik = -/-
Pickup_X = 2093.753662
Pickup_Y = -1047.308837
Pickup_Z = 30.106700
Interior_X = 2496.219238
Interior_Y = -1693.817260
Interior_Z = 1014.742187
Cijena = 2500000
Interior = 3
Virtual = 715
Zakljucano = 1
