Vlasnik = -/-
Pickup_X = 2099.763671
Pickup_Y = -1051.799438
Pickup_Z = 28.731119
Interior_X = 2196.414794
Interior_Y = -1204.106079
Interior_Z = 1049.023437
Cijena = 3500000
Interior = 6
Virtual = 980
Zakljucano = 1
