Vlasnik = -/-
Pickup_X = 2105.423583
Pickup_Y = -1055.980346
Pickup_Z = 27.171657
Interior_X = 234.199996
Interior_Y = 1064.900024
Interior_Z = 1084.199951
Cijena = 5000000
Interior = 6
Virtual = 1261
Zakljucano = 1
