Vlasnik = -/-
Pickup_X = 2137.609863
Pickup_Y = -1074.142089
Pickup_Z = 27.356472
Interior_X = 2496.219238
Interior_Y = -1693.817260
Interior_Z = 1014.742187
Cijena = 2500000
Interior = 3
Virtual = 588
Zakljucano = 1
