Vlasnik = -/-
Pickup_X = 2157.151611
Pickup_Y = -1072.411621
Pickup_Z = 40.496032
Interior_X = 2196.414794
Interior_Y = -1204.106079
Interior_Z = 1049.023437
Cijena = 3500000
Interior = 6
Virtual = 1381
Zakljucano = 1
