Vlasnik = -/-
Pickup_X = 2140.585449
Pickup_Y = -1082.503662
Pickup_Z = 25.035612
Interior_X = 2496.219238
Interior_Y = -1693.817260
Interior_Z = 1014.742187
Cijena = 2500000
Interior = 3
Virtual = 1365
Zakljucano = 1
