Vlasnik = -/-
Pickup_X = 2145.157470
Pickup_Y = -1084.623046
Pickup_Z = 25.036626
Interior_X = 234.199996
Interior_Y = 1064.900024
Interior_Z = 1084.199951
Cijena = 5000000
Interior = 6
Virtual = 4
Zakljucano = 1
