Vlasnik = -/-
Pickup_X = 2207.348876
Pickup_Y = -1100.530029
Pickup_Z = 31.554687
Interior_X = 2196.414794
Interior_Y = -1204.106079
Interior_Z = 1049.023437
Cijena = 3500000
Interior = 6
Virtual = 1420
Zakljucano = 1
