Vlasnik = -/-
Pickup_X = 2000.219360
Pickup_Y = -991.632812
Pickup_Z = 32.131359
Interior_X = 2196.414794
Interior_Y = -1204.106079
Interior_Z = 1049.023437
Cijena = 3500000
Interior = 6
Virtual = 1422
Zakljucano = 1
