Vlasnik = -/-
Pickup_X = 1804.028930
Pickup_Y = -2124.703857
Pickup_Z = 13.942373
Interior_X = 2496.219238
Interior_Y = -1693.817260
Interior_Z = 1014.742187
Cijena = 2500000
Interior = 3
Virtual = 1416
Zakljucano = 1
