Vlasnik = -/-
Pickup_X = 2015.471069
Pickup_Y = -978.025024
Pickup_Z = 36.750000
Interior_X = 2196.414794
Interior_Y = -1204.106079
Interior_Z = 1049.023437
Cijena = 3500000
Interior = 6
Virtual = 1265
Zakljucano = 1
