Vlasnik = -/-
Pickup_X = 2051.196289
Pickup_Y = -954.752685
Pickup_Z = 48.033737
Interior_X = 2196.414794
Interior_Y = -1204.106079
Interior_Z = 1049.023437
Cijena = 3500000
Interior = 6
Virtual = 701
Zakljucano = 1
