Vlasnik = -/-
Pickup_X = 2073.362548
Pickup_Y = -965.153015
Pickup_Z = 49.390689
Interior_X = 234.199996
Interior_Y = 1064.900024
Interior_Z = 1084.199951
Cijena = 5000000
Interior = 6
Virtual = 1432
Zakljucano = 1
