Vlasnik = -/-
Pickup_X = 2090.623779
Pickup_Y = -972.358642
Pickup_Z = 51.858234
Interior_X = 234.199996
Interior_Y = 1064.900024
Interior_Z = 1084.199951
Cijena = 5000000
Interior = 6
Virtual = 436
Zakljucano = 1
