Vlasnik = -/-
Pickup_X = 2122.065185
Pickup_Y = -970.276733
Pickup_Z = 58.207431
Interior_X = 2496.219238
Interior_Y = -1693.817260
Interior_Z = 1014.742187
Cijena = 2500000
Interior = 3
Virtual = 91
Zakljucano = 1
