Vlasnik = -/-
Pickup_X = 2131.947998
Pickup_Y = -974.017150
Pickup_Z = 59.785556
Interior_X = 2496.219238
Interior_Y = -1693.817260
Interior_Z = 1014.742187
Cijena = 2500000
Interior = 3
Virtual = 820
Zakljucano = 1
