Vlasnik = -/-
Pickup_X = 2142.681884
Pickup_Y = -978.168884
Pickup_Z = 61.379306
Interior_X = 2196.414794
Interior_Y = -1204.106079
Interior_Z = 1049.023437
Cijena = 3500000
Interior = 6
Virtual = 1330
Zakljucano = 1
