Vlasnik = -/-
Pickup_X = 2154.110107
Pickup_Y = -979.906311
Pickup_Z = 63.293369
Interior_X = 2496.219238
Interior_Y = -1693.817260
Interior_Z = 1014.742187
Cijena = 2500000
Interior = 3
Virtual = 290
Zakljucano = 1
