Vlasnik = -/-
Pickup_X = 2186.433593
Pickup_Y = -997.311340
Pickup_Z = 66.468750
Interior_X = 234.199996
Interior_Y = 1064.900024
Interior_Z = 1084.199951
Cijena = 5000000
Interior = 6
Virtual = 955
Zakljucano = 1
