Vlasnik = -/-
Pickup_X = 2194.134277
Pickup_Y = -999.295166
Pickup_Z = 63.249431
Interior_X = 2496.219238
Interior_Y = -1693.817260
Interior_Z = 1014.742187
Cijena = 2500000
Interior = 3
Virtual = 1195
Zakljucano = 1
