Vlasnik = -/-
Pickup_X = 2284.115234
Pickup_Y = -1046.048095
Pickup_Z = 49.887119
Interior_X = 2496.219238
Interior_Y = -1693.817260
Interior_Z = 1014.742187
Cijena = 2500000
Interior = 3
Virtual = 584
Zakljucano = 1
