Vlasnik = -/-
Pickup_X = 2297.863525
Pickup_Y = -1053.272460
Pickup_Z = 49.933994
Interior_X = 2496.219238
Interior_Y = -1693.817260
Interior_Z = 1014.742187
Cijena = 2500000
Interior = 3
Virtual = 555
Zakljucano = 1
