Vlasnik = -/-
Pickup_X = 2325.307128
Pickup_Y = -1060.686767
Pickup_Z = 52.351562
Interior_X = 2496.219238
Interior_Y = -1693.817260
Interior_Z = 1014.742187
Cijena = 2500000
Interior = 3
Virtual = 770
Zakljucano = 1
