Vlasnik = -/-
Pickup_X = 2335.183593
Pickup_Y = -1045.786621
Pickup_Z = 52.552936
Interior_X = 2496.219238
Interior_Y = -1693.817260
Interior_Z = 1014.742187
Cijena = 2500000
Interior = 3
Virtual = 842
Zakljucano = 1
