Vlasnik = -/-
Pickup_X = 2347.885498
Pickup_Y = -1047.584838
Pickup_Z = 53.831722
Interior_X = 2496.219238
Interior_Y = -1693.817260
Interior_Z = 1014.742187
Cijena = 2500000
Interior = 3
Virtual = 415
Zakljucano = 1
