Vlasnik = -/-
Pickup_X = 2350.965332
Pickup_Y = -1039.841064
Pickup_Z = 54.335803
Interior_X = 2496.219238
Interior_Y = -1693.817260
Interior_Z = 1014.742187
Cijena = 2500000
Interior = 3
Virtual = 153
Zakljucano = 1
