Vlasnik = -/-
Pickup_X = 2355.512207
Pickup_Y = -1038.587890
Pickup_Z = 54.335803
Interior_X = 2496.219238
Interior_Y = -1693.817260
Interior_Z = 1014.742187
Cijena = 2500000
Interior = 3
Virtual = 305
Zakljucano = 1
