Vlasnik = -/-
Pickup_X = 2362.616455
Pickup_Y = -1046.446289
Pickup_Z = 54.273303
Interior_X = 2496.219238
Interior_Y = -1693.817260
Interior_Z = 1014.742187
Cijena = 2500000
Interior = 3
Virtual = 1271
Zakljucano = 1
