Vlasnik = -/-
Pickup_X = 2370.409667
Pickup_Y = -1034.707519
Pickup_Z = 54.410556
Interior_X = 2496.219238
Interior_Y = -1693.817260
Interior_Z = 1014.742187
Cijena = 2500000
Interior = 3
Virtual = 86
Zakljucano = 1
