Vlasnik = -/-
Pickup_X = 2389.328369
Pickup_Y = -1037.353149
Pickup_Z = 53.554149
Interior_X = 2496.219238
Interior_Y = -1693.817260
Interior_Z = 1014.742187
Cijena = 2500000
Interior = 3
Virtual = 941
Zakljucano = 1
