Vlasnik = -/-
Pickup_X = 2462.287109
Pickup_Y = -1011.111938
Pickup_Z = 60.113681
Interior_X = 2196.414794
Interior_Y = -1204.106079
Interior_Z = 1049.023437
Cijena = 3500000
Interior = 6
Virtual = 526
Zakljucano = 1
