Vlasnik = -/-
Pickup_X = 2491.319335
Pickup_Y = -1012.400085
Pickup_Z = 65.398437
Interior_X = 2196.414794
Interior_Y = -1204.106079
Interior_Z = 1049.023437
Cijena = 3500000
Interior = 6
Virtual = 545
Zakljucano = 1
