Vlasnik = -/-
Pickup_X = 2512.418701
Pickup_Y = -1027.259765
Pickup_Z = 70.085937
Interior_X = 234.199996
Interior_Y = 1064.900024
Interior_Z = 1084.199951
Cijena = 5000000
Interior = 6
Virtual = 802
Zakljucano = 1
