Vlasnik = -/-
Pickup_X = 2526.822509
Pickup_Y = -1033.522216
Pickup_Z = 69.579261
Interior_X = 2496.219238
Interior_Y = -1693.817260
Interior_Z = 1014.742187
Cijena = 2500000
Interior = 3
Virtual = 1111
Zakljucano = 1
