Vlasnik = -/-
Pickup_X = 2562.113037
Pickup_Y = -1034.314575
Pickup_Z = 69.869216
Interior_X = 2196.414794
Interior_Y = -1204.106079
Interior_Z = 1049.023437
Cijena = 3500000
Interior = 6
Virtual = 1366
Zakljucano = 1
