Vlasnik = -/-
Pickup_X = 2579.464843
Pickup_Y = -1033.353515
Pickup_Z = 69.579933
Interior_X = 2196.414794
Interior_Y = -1204.106079
Interior_Z = 1049.023437
Cijena = 3500000
Interior = 6
Virtual = 1317
Zakljucano = 1
