Vlasnik = -/-
Pickup_X = 2625.939697
Pickup_Y = -1112.534057
Pickup_Z = 67.995307
Interior_X = 234.199996
Interior_Y = 1064.900024
Interior_Z = 1084.199951
Cijena = 5000000
Interior = 6
Virtual = 1082
Zakljucano = 1
