Vlasnik = -/-
Pickup_X = 2627.643798
Pickup_Y = -1085.290283
Pickup_Z = 69.715583
Interior_X = 2496.219238
Interior_Y = -1693.817260
Interior_Z = 1014.742187
Cijena = 2500000
Interior = 3
Virtual = 1032
Zakljucano = 1
