Vlasnik = -/-
Pickup_X = 2628.098144
Pickup_Y = -1067.974365
Pickup_Z = 69.715583
Interior_X = 234.199996
Interior_Y = 1064.900024
Interior_Z = 1084.199951
Cijena = 5000000
Interior = 6
Virtual = 1409
Zakljucano = 1
