Vlasnik = -/-
Pickup_X = 2407.984130
Pickup_Y = -1106.826660
Pickup_Z = 40.295722
Interior_X = 2196.414794
Interior_Y = -1204.106079
Interior_Z = 1049.023437
Cijena = 3500000
Interior = 6
Virtual = 1388
Zakljucano = 1
