Vlasnik = -/-
Pickup_X = 2438.542724
Pickup_Y = -1105.793945
Pickup_Z = 43.081630
Interior_X = 234.199996
Interior_Y = 1064.900024
Interior_Z = 1084.199951
Cijena = 5000000
Interior = 6
Virtual = 557
Zakljucano = 1
