Vlasnik = -/-
Pickup_X = 2457.048828
Pickup_Y = -1102.322998
Pickup_Z = 43.867187
Interior_X = 2196.414794
Interior_Y = -1204.106079
Interior_Z = 1049.023437
Cijena = 3500000
Interior = 6
Virtual = 537
Zakljucano = 1
