Vlasnik = -/-
Pickup_X = 1846.023193
Pickup_Y = -1991.633056
Pickup_Z = 13.546875
Interior_X = 2496.219238
Interior_Y = -1693.817260
Interior_Z = 1014.742187
Cijena = 2500000
Interior = 3
Virtual = 839
Zakljucano = 1
