Vlasnik = -/-
Pickup_X = 2470.533447
Pickup_Y = -1105.319824
Pickup_Z = 44.487880
Interior_X = 2496.219238
Interior_Y = -1693.817260
Interior_Z = 1014.742187
Cijena = 2500000
Interior = 3
Virtual = 1110
Zakljucano = 1
