Vlasnik = -/-
Pickup_X = 2519.046875
Pickup_Y = -1112.881591
Pickup_Z = 56.592597
Interior_X = 2196.414794
Interior_Y = -1204.106079
Interior_Z = 1049.023437
Cijena = 3500000
Interior = 6
Virtual = 264
Zakljucano = 1
