Vlasnik = -/-
Pickup_X = 2572.364990
Pickup_Y = -1091.791992
Pickup_Z = 67.225723
Interior_X = 2196.414794
Interior_Y = -1204.106079
Interior_Z = 1049.023437
Cijena = 3500000
Interior = 6
Virtual = 1385
Zakljucano = 1
