Vlasnik = -/-
Pickup_X = 2576.682128
Pickup_Y = -1070.624511
Pickup_Z = 69.832229
Interior_X = 2196.414794
Interior_Y = -1204.106079
Interior_Z = 1049.023437
Cijena = 3500000
Interior = 6
Virtual = 365
Zakljucano = 1
