Vlasnik = -/-
Pickup_X = 2552.336181
Pickup_Y = -958.335021
Pickup_Z = 82.629165
Interior_X = 2496.219238
Interior_Y = -1693.817260
Interior_Z = 1014.742187
Cijena = 2500000
Interior = 3
Virtual = 603
Zakljucano = 1
