Vlasnik = -/-
Pickup_X = 2531.345214
Pickup_Y = -965.503234
Pickup_Z = 82.277946
Interior_X = 2496.219238
Interior_Y = -1693.817260
Interior_Z = 1014.742187
Cijena = 2500000
Interior = 3
Virtual = 449
Zakljucano = 1
