Vlasnik = -/-
Pickup_X = 2492.110351
Pickup_Y = -965.581726
Pickup_Z = 82.548904
Interior_X = 2496.219238
Interior_Y = -1693.817260
Interior_Z = 1014.742187
Cijena = 2500000
Interior = 3
Virtual = 1224
Zakljucano = 1
