Vlasnik = -/-
Pickup_X = 2472.397949
Pickup_Y = -962.077514
Pickup_Z = 80.525466
Interior_X = 2196.414794
Interior_Y = -1204.106079
Interior_Z = 1049.023437
Cijena = 3500000
Interior = 6
Virtual = 983
Zakljucano = 1
