Vlasnik = -/-
Pickup_X = 2459.603759
Pickup_Y = -948.183959
Pickup_Z = 80.083145
Interior_X = 2496.219238
Interior_Y = -1693.817260
Interior_Z = 1014.742187
Cijena = 2500000
Interior = 3
Virtual = 118
Zakljucano = 1
