Vlasnik = -/-
Pickup_X = 2454.306152
Pickup_Y = -964.866760
Pickup_Z = 80.073562
Interior_X = 2196.414794
Interior_Y = -1204.106079
Interior_Z = 1049.023437
Cijena = 3500000
Interior = 6
Virtual = 161
Zakljucano = 1
