Vlasnik = -/-
Pickup_X = 2534.475830
Pickup_Y = -1063.348266
Pickup_Z = 69.565521
Interior_X = 2196.414794
Interior_Y = -1204.106079
Interior_Z = 1049.023437
Cijena = 3500000
Interior = 6
Virtual = 1142
Zakljucano = 1
