Vlasnik = -/-
Pickup_X = 2526.088623
Pickup_Y = -1060.724487
Pickup_Z = 69.970779
Interior_X = 2496.219238
Interior_Y = -1693.817260
Interior_Z = 1014.742187
Cijena = 2500000
Interior = 3
Virtual = 344
Zakljucano = 1
