Vlasnik = -/-
Pickup_X = 2499.746826
Pickup_Y = -1065.547485
Pickup_Z = 70.235939
Interior_X = 2196.414794
Interior_Y = -1204.106079
Interior_Z = 1049.023437
Cijena = 3500000
Interior = 6
Virtual = 1027
Zakljucano = 1
