Vlasnik = -/-
Pickup_X = 2479.705078
Pickup_Y = -1063.916503
Pickup_Z = 66.998245
Interior_X = 2196.414794
Interior_Y = -1204.106079
Interior_Z = 1049.023437
Cijena = 3500000
Interior = 6
Virtual = 501
Zakljucano = 1
