Vlasnik = -/-
Pickup_X = 2457.754150
Pickup_Y = -1054.717041
Pickup_Z = 59.959186
Interior_X = 2196.414794
Interior_Y = -1204.106079
Interior_Z = 1049.023437
Cijena = 3500000
Interior = 6
Virtual = 1330
Zakljucano = 1
