Vlasnik = -/-
Pickup_X = 2440.515869
Pickup_Y = -1057.340454
Pickup_Z = 54.738681
Interior_X = 2496.219238
Interior_Y = -1693.817260
Interior_Z = 1014.742187
Cijena = 2500000
Interior = 3
Virtual = 1227
Zakljucano = 1
