Vlasnik = -/-
Pickup_X = 2278.900390
Pickup_Y = -1077.488159
Pickup_Z = 48.240905
Interior_X = 234.199996
Interior_Y = 1064.900024
Interior_Z = 1084.199951
Cijena = 5000000
Interior = 6
Virtual = 299
Zakljucano = 1
