Vlasnik = -/-
Pickup_X = 2249.416015
Pickup_Y = -1060.391967
Pickup_Z = 55.968750
Interior_X = 234.199996
Interior_Y = 1064.900024
Interior_Z = 1084.199951
Cijena = 5000000
Interior = 6
Virtual = 48
Zakljucano = 1
