Vlasnik = -/-
Pickup_X = 2218.833740
Pickup_Y = -1031.760620
Pickup_Z = 60.269145
Interior_X = 2196.414794
Interior_Y = -1204.106079
Interior_Z = 1049.023437
Cijena = 3500000
Interior = 6
Virtual = 275
Zakljucano = 1
