Vlasnik = -/-
Pickup_X = 2208.342285
Pickup_Y = -1026.722167
Pickup_Z = 61.349067
Interior_X = 2496.219238
Interior_Y = -1693.817260
Interior_Z = 1014.742187
Cijena = 2500000
Interior = 3
Virtual = 905
Zakljucano = 1
