Vlasnik = -/-
Pickup_X = 2108.963378
Pickup_Y = -1000.792602
Pickup_Z = 60.507812
Interior_X = 234.199996
Interior_Y = 1064.900024
Interior_Z = 1084.199951
Cijena = 5000000
Interior = 6
Virtual = 459
Zakljucano = 1
