Vlasnik = -/-
Pickup_X = 1849.335327
Pickup_Y = -2009.437988
Pickup_Z = 13.546875
Interior_X = 234.199996
Interior_Y = 1064.900024
Interior_Z = 1084.199951
Cijena = 5000000
Interior = 6
Virtual = 598
Zakljucano = 1
