Vlasnik = -/-
Pickup_X = 2049.275878
Pickup_Y = -987.279357
Pickup_Z = 44.980239
Interior_X = 2196.414794
Interior_Y = -1204.106079
Interior_Z = 1049.023437
Cijena = 3500000
Interior = 6
Virtual = 1103
Zakljucano = 1
