Vlasnik = -/-
Pickup_X = 2373.922119
Pickup_Y = -1138.920288
Pickup_Z = 29.058792
Interior_X = 2196.414794
Interior_Y = -1204.106079
Interior_Z = 1049.023437
Cijena = 3500000
Interior = 6
Virtual = 1297
Zakljucano = 1
