Vlasnik = -/-
Pickup_X = 2427.378662
Pickup_Y = -1135.771484
Pickup_Z = 34.710937
Interior_X = 2496.219238
Interior_Y = -1693.817260
Interior_Z = 1014.742187
Cijena = 2500000
Interior = 3
Virtual = 135
Zakljucano = 1
