Vlasnik = -/-
Pickup_X = 2510.571289
Pickup_Y = -1132.674926
Pickup_Z = 41.620693
Interior_X = 2196.414794
Interior_Y = -1204.106079
Interior_Z = 1049.023437
Cijena = 3500000
Interior = 6
Virtual = 77
Zakljucano = 1
