Vlasnik = -/-
Pickup_X = 2807.990966
Pickup_Y = -1190.813720
Pickup_Z = 25.343578
Interior_X = 2196.414794
Interior_Y = -1204.106079
Interior_Z = 1049.023437
Cijena = 3500000
Interior = 6
Virtual = 747
Zakljucano = 1
