Vlasnik = -/-
Pickup_X = 2808.138427
Pickup_Y = -1176.518554
Pickup_Z = 25.375438
Interior_X = 234.199996
Interior_Y = 1064.900024
Interior_Z = 1084.199951
Cijena = 5000000
Interior = 6
Virtual = 1053
Zakljucano = 1
