Vlasnik = -/-
Pickup_X = 2847.016601
Pickup_Y = -1309.848632
Pickup_Z = 14.683727
Interior_X = 234.199996
Interior_Y = 1064.900024
Interior_Z = 1084.199951
Cijena = 5000000
Interior = 6
Virtual = 816
Zakljucano = 1
