Vlasnik = -/-
Pickup_X = 2842.029296
Pickup_Y = -1334.808227
Pickup_Z = 14.742118
Interior_X = 234.199996
Interior_Y = 1064.900024
Interior_Z = 1084.199951
Cijena = 5000000
Interior = 6
Virtual = 796
Zakljucano = 1
