Vlasnik = -/-
Pickup_X = 1849.496215
Pickup_Y = -2001.830078
Pickup_Z = 13.546875
Interior_X = 2496.219238
Interior_Y = -1693.817260
Interior_Z = 1014.742187
Cijena = 2500000
Interior = 3
Virtual = 1041
Zakljucano = 1
