Vlasnik = -/-
Pickup_X = 2851.851562
Pickup_Y = -1366.132934
Pickup_Z = 14.170822
Interior_X = 2196.414794
Interior_Y = -1204.106079
Interior_Z = 1049.023437
Cijena = 3500000
Interior = 6
Virtual = 584
Zakljucano = 1
