Vlasnik = -/-
Pickup_X = 2394.898193
Pickup_Y = -1133.555297
Pickup_Z = 30.718750
Interior_X = 2196.414794
Interior_Y = -1204.106079
Interior_Z = 1049.023437
Cijena = 3500000
Interior = 6
Virtual = 1043
Zakljucano = 1
