Vlasnik = -/-
Pickup_X = 2782.084228
Pickup_Y = -1358.481079
Pickup_Z = 26.293357
Interior_X = 234.199996
Interior_Y = 1064.900024
Interior_Z = 1084.199951
Cijena = 5000000
Interior = 6
Virtual = 215
Zakljucano = 1
