Vlasnik = -/-
Pickup_X = 2807.255371
Pickup_Y = -1353.928344
Pickup_Z = 26.959943
Interior_X = 2196.414794
Interior_Y = -1204.106079
Interior_Z = 1049.023437
Cijena = 3500000
Interior = 6
Virtual = 239
Zakljucano = 1
