Vlasnik = -/-
Pickup_X = 2809.364013
Pickup_Y = -1324.796630
Pickup_Z = 33.780902
Interior_X = 234.199996
Interior_Y = 1064.900024
Interior_Z = 1084.199951
Cijena = 5000000
Interior = 6
Virtual = 1177
Zakljucano = 1
