Vlasnik = -/-
Pickup_X = 2782.108154
Pickup_Y = -1333.271118
Pickup_Z = 32.367000
Interior_X = 2196.414794
Interior_Y = -1204.106079
Interior_Z = 1049.023437
Cijena = 3500000
Interior = 6
Virtual = 1449
Zakljucano = 1
