Vlasnik = -/-
Pickup_X = 2782.352294
Pickup_Y = -1306.364501
Pickup_Z = 38.773445
Interior_X = 2196.414794
Interior_Y = -1204.106079
Interior_Z = 1049.023437
Cijena = 3500000
Interior = 6
Virtual = 320
Zakljucano = 1
