Vlasnik = -/-
Pickup_X = 2809.473388
Pickup_Y = -1303.049560
Pickup_Z = 38.889835
Interior_X = 234.199996
Interior_Y = 1064.900024
Interior_Z = 1084.199951
Cijena = 5000000
Interior = 6
Virtual = 199
Zakljucano = 1
