Vlasnik = -/-
Pickup_X = 2782.152587
Pickup_Y = -1281.101318
Pickup_Z = 44.373065
Interior_X = 2196.414794
Interior_Y = -1204.106079
Interior_Z = 1049.023437
Cijena = 3500000
Interior = 6
Virtual = 1155
Zakljucano = 1
