Vlasnik = -/-
Pickup_X = 2809.372314
Pickup_Y = -1280.874755
Pickup_Z = 43.822570
Interior_X = 2196.414794
Interior_Y = -1204.106079
Interior_Z = 1049.023437
Cijena = 3500000
Interior = 6
Virtual = 15
Zakljucano = 1
