Vlasnik = -/-
Pickup_X = 1858.802612
Pickup_Y = -2001.062255
Pickup_Z = 13.546875
Interior_X = 2196.414794
Interior_Y = -1204.106079
Interior_Z = 1049.023437
Cijena = 3500000
Interior = 6
Virtual = 416
Zakljucano = 1
