Vlasnik = -/-
Pickup_X = 2797.870361
Pickup_Y = -1245.372802
Pickup_Z = 47.384815
Interior_X = 2196.414794
Interior_Y = -1204.106079
Interior_Z = 1049.023437
Cijena = 3500000
Interior = 6
Virtual = 234
Zakljucano = 1
