Vlasnik = -/-
Pickup_X = 2776.050781
Pickup_Y = -1245.373657
Pickup_Z = 49.579589
Interior_X = 234.199996
Interior_Y = 1064.900024
Interior_Z = 1084.199951
Cijena = 5000000
Interior = 6
Virtual = 1138
Zakljucano = 1
