Vlasnik = -/-
Pickup_X = 2750.390869
Pickup_Y = -1222.207275
Pickup_Z = 64.601562
Interior_X = 2496.219238
Interior_Y = -1693.817260
Interior_Z = 1014.742187
Cijena = 2500000
Interior = 3
Virtual = 628
Zakljucano = 1
