Vlasnik = -/-
Pickup_X = 2750.390136
Pickup_Y = -1205.639526
Pickup_Z = 67.484375
Interior_X = 234.199996
Interior_Y = 1064.900024
Interior_Z = 1084.199951
Cijena = 5000000
Interior = 6
Virtual = 370
Zakljucano = 1
