Vlasnik = -/-
Pickup_X = 2756.279541
Pickup_Y = -1182.808349
Pickup_Z = 69.403457
Interior_X = 234.199996
Interior_Y = 1064.900024
Interior_Z = 1084.199951
Cijena = 5000000
Interior = 6
Virtual = 1345
Zakljucano = 1
