Vlasnik = -/-
Pickup_X = 2850.948974
Pickup_Y = -1532.503173
Pickup_Z = 11.099072
Interior_X = 234.199996
Interior_Y = 1064.900024
Interior_Z = 1084.199951
Cijena = 5000000
Interior = 6
Virtual = 807
Zakljucano = 1
