Vlasnik = -/-
Pickup_X = 2550.512451
Pickup_Y = -1197.172729
Pickup_Z = 60.821109
Interior_X = 234.199996
Interior_Y = 1064.900024
Interior_Z = 1084.199951
Cijena = 5000000
Interior = 6
Virtual = 721
Zakljucano = 1
