Vlasnik = -/-
Pickup_X = 2492.009765
Pickup_Y = -1239.011840
Pickup_Z = 37.905414
Interior_X = 234.199996
Interior_Y = 1064.900024
Interior_Z = 1084.199951
Cijena = 5000000
Interior = 6
Virtual = 899
Zakljucano = 1
