Vlasnik = -/-
Pickup_X = 2550.699951
Pickup_Y = -1233.798950
Pickup_Z = 49.331832
Interior_X = 2196.414794
Interior_Y = -1204.106079
Interior_Z = 1049.023437
Cijena = 3500000
Interior = 6
Virtual = 1372
Zakljucano = 1
