Vlasnik = -/-
Pickup_X = 2529.448486
Pickup_Y = -1243.316406
Pickup_Z = 43.971870
Interior_X = 2496.219238
Interior_Y = -1693.817260
Interior_Z = 1014.742187
Cijena = 2500000
Interior = 3
Virtual = 80
Zakljucano = 1
