Vlasnik = -/-
Pickup_X = 2586.862792
Pickup_Y = -1238.094970
Pickup_Z = 48.421875
Interior_X = 2496.219238
Interior_Y = -1693.817260
Interior_Z = 1014.742187
Cijena = 2500000
Interior = 3
Virtual = 1229
Zakljucano = 1
