Vlasnik = -/-
Pickup_X = 2587.161865
Pickup_Y = -1224.937866
Pickup_Z = 52.384761
Interior_X = 2496.219238
Interior_Y = -1693.817260
Interior_Z = 1014.742187
Cijena = 2500000
Interior = 3
Virtual = 712
Zakljucano = 1
