Vlasnik = -/-
Pickup_X = 2587.305175
Pickup_Y = -1220.636596
Pickup_Z = 53.765441
Interior_X = 2196.414794
Interior_Y = -1204.106079
Interior_Z = 1049.023437
Cijena = 3500000
Interior = 6
Virtual = 709
Zakljucano = 1
