Vlasnik = -/-
Pickup_X = 2587.163085
Pickup_Y = -1216.381103
Pickup_Z = 54.976562
Interior_X = 2196.414794
Interior_Y = -1204.106079
Interior_Z = 1049.023437
Cijena = 3500000
Interior = 6
Virtual = 157
Zakljucano = 1
