Vlasnik = -/-
Pickup_X = 1852.790527
Pickup_Y = -1990.292724
Pickup_Z = 13.546875
Interior_X = 2196.414794
Interior_Y = -1204.106079
Interior_Z = 1049.023437
Cijena = 3500000
Interior = 6
Virtual = 922
Zakljucano = 1
