Vlasnik = -/-
Pickup_X = 2587.218261
Pickup_Y = -1211.965087
Pickup_Z = 56.514427
Interior_X = 2496.219238
Interior_Y = -1693.817260
Interior_Z = 1014.742187
Cijena = 2500000
Interior = 3
Virtual = 166
Zakljucano = 1
