Vlasnik = -/-
Pickup_X = 2587.396972
Pickup_Y = -1207.586669
Pickup_Z = 57.651489
Interior_X = 234.199996
Interior_Y = 1064.900024
Interior_Z = 1084.199951
Cijena = 5000000
Interior = 6
Virtual = 1213
Zakljucano = 1
