Vlasnik = -/-
Pickup_X = 2586.980712
Pickup_Y = -1203.337402
Pickup_Z = 58.437500
Interior_X = 2196.414794
Interior_Y = -1204.106079
Interior_Z = 1049.023437
Cijena = 3500000
Interior = 6
Virtual = 1017
Zakljucano = 1
