Vlasnik = -/-
Pickup_X = 2207.550292
Pickup_Y = -998.497497
Pickup_Z = 63.868282
Interior_X = 2196.414794
Interior_Y = -1204.106079
Interior_Z = 1049.023437
Cijena = 3500000
Interior = 6
Virtual = 1472
Zakljucano = 1
