Vlasnik = -/-
Pickup_X = 2194.940917
Pickup_Y = 1991.135864
Pickup_Z = 12.296875
Interior_X = 234.199996
Interior_Y = 1064.900024
Interior_Z = 1084.199951
Cijena = 5000000
Interior = 6
Virtual = 355
Zakljucano = 1
