Vlasnik = -/-
Pickup_X = 2818.586425
Pickup_Y = 2141.010009
Pickup_Z = 14.661464
Interior_X = 2496.219238
Interior_Y = -1693.817260
Interior_Z = 1014.742187
Cijena = 2500000
Interior = 3
Virtual = 845
Zakljucano = 1
