Vlasnik = -/-
Pickup_X = 2825.997558
Pickup_Y = 2140.663085
Pickup_Z = 14.661464
Interior_X = 2496.219238
Interior_Y = -1693.817260
Interior_Z = 1014.742187
Cijena = 2500000
Interior = 3
Virtual = 134
Zakljucano = 1
