Vlasnik = -/-
Pickup_X = 2818.750488
Pickup_Y = 2134.491943
Pickup_Z = 14.661464
Interior_X = 2496.219238
Interior_Y = -1693.817260
Interior_Z = 1014.742187
Cijena = 2500000
Interior = 3
Virtual = 821
Zakljucano = 1
