Vlasnik = -/-
Pickup_X = 1858.486450
Pickup_Y = -1982.709594
Pickup_Z = 13.546875
Interior_X = 2196.414794
Interior_Y = -1204.106079
Interior_Z = 1049.023437
Cijena = 3500000
Interior = 6
Virtual = 1429
Zakljucano = 1
