Vlasnik = -/-
Pickup_X = 1969.747314
Pickup_Y = 2722.447753
Pickup_Z = 11.054918
Interior_X = 2196.414794
Interior_Y = -1204.106079
Interior_Z = 1049.023437
Cijena = 3500000
Interior = 6
Virtual = 852
Zakljucano = 1
