Vlasnik = -/-
Pickup_X = 1992.494873
Pickup_Y = 2763.960205
Pickup_Z = 10.820312
Interior_X = 234.199996
Interior_Y = 1064.900024
Interior_Z = 1084.199951
Cijena = 5000000
Interior = 6
Virtual = 1393
Zakljucano = 1
