Vlasnik = -/-
Pickup_X = 2039.577636
Pickup_Y = 2766.369384
Pickup_Z = 10.826543
Interior_X = 2196.414794
Interior_Y = -1204.106079
Interior_Z = 1049.023437
Cijena = 3500000
Interior = 6
Virtual = 1326
Zakljucano = 1
