Vlasnik = -/-
Pickup_X = 2066.465087
Pickup_Y = 2722.733886
Pickup_Z = 10.820312
Interior_X = 2196.414794
Interior_Y = -1204.106079
Interior_Z = 1049.023437
Cijena = 3500000
Interior = 6
Virtual = 660
Zakljucano = 1
