Vlasnik = -/-
Pickup_X = 2103.536865
Pickup_Y = 2678.812744
Pickup_Z = 10.812969
Interior_X = 2496.219238
Interior_Y = -1693.817260
Interior_Z = 1014.742187
Cijena = 2500000
Interior = 3
Virtual = 385
Zakljucano = 1
