Vlasnik = -/-
Pickup_X = 2108.943359
Pickup_Y = 2652.936279
Pickup_Z = 10.812969
Interior_X = 2196.414794
Interior_Y = -1204.106079
Interior_Z = 1049.023437
Cijena = 3500000
Interior = 6
Virtual = 445
Zakljucano = 1
