Vlasnik = -/-
Pickup_X = 2056.436767
Pickup_Y = 2663.844970
Pickup_Z = 10.820312
Interior_X = 2196.414794
Interior_Y = -1204.106079
Interior_Z = 1049.023437
Cijena = 3500000
Interior = 6
Virtual = 447
Zakljucano = 1
