Vlasnik = -/-
Pickup_X = 2017.799438
Pickup_Y = 2664.347167
Pickup_Z = 11.298933
Interior_X = 2196.414794
Interior_Y = -1204.106079
Interior_Z = 1049.023437
Cijena = 3500000
Interior = 6
Virtual = 1012
Zakljucano = 1
