Vlasnik = -/-
Pickup_X = -1492.896484
Pickup_Y = 920.207763
Pickup_Z = 7.187500
Interior_X = 234.199996
Interior_Y = 1064.900024
Interior_Z = 1084.199951
Cijena = 5000000
Interior = 6
Virtual = 691
Zakljucano = 1
