Vlasnik = -/-
Pickup_X = -1954.236816
Pickup_Y = 1344.971923
Pickup_Z = 7.187500
Interior_X = 234.199996
Interior_Y = 1064.900024
Interior_Z = 1084.199951
Cijena = 5000000
Interior = 6
Virtual = 1162
Zakljucano = 1
