Vlasnik = Phillips
Pickup_X = -1988.052978
Pickup_Y = 1163.233642
Pickup_Z = 45.448104
Interior_X = 2496.219238
Interior_Y = -1693.817260
Interior_Z = 1014.742187
Cijena = 2500000
Interior = 3
Virtual = 331
Zakljucano = 0
