Vlasnik = -/-
Pickup_X = -1997.366088
Pickup_Y = 1189.417846
Pickup_Z = 45.445312
Interior_X = 2196.414794
Interior_Y = -1204.106079
Interior_Z = 1049.023437
Cijena = 3500000
Interior = 6
Virtual = 10
Zakljucano = 1
