Vlasnik = -/-
Pickup_X = -1982.591674
Pickup_Y = 1189.885131
Pickup_Z = 45.445312
Interior_X = 2196.414794
Interior_Y = -1204.106079
Interior_Z = 1049.023437
Cijena = 3500000
Interior = 6
Virtual = 620
Zakljucano = 1
