Vlasnik = -/-
Pickup_X = -1929.939575
Pickup_Y = 1189.212280
Pickup_Z = 45.445312
Interior_X = 2496.219238
Interior_Y = -1693.817260
Interior_Z = 1014.742187
Cijena = 2500000
Interior = 3
Virtual = 111
Zakljucano = 1
