Vlasnik = -/-
Pickup_X = -1915.284301
Pickup_Y = 1188.991333
Pickup_Z = 45.445312
Interior_X = 2196.414794
Interior_Y = -1204.106079
Interior_Z = 1049.023437
Cijena = 3500000
Interior = 6
Virtual = 726
Zakljucano = 1
