Vlasnik = -/-
Pickup_X = -1872.068359
Pickup_Y = 1125.383666
Pickup_Z = 45.445312
Interior_X = 2496.219238
Interior_Y = -1693.817260
Interior_Z = 1014.742187
Cijena = 2500000
Interior = 3
Virtual = 203
Zakljucano = 1
