Vlasnik = -/-
Pickup_X = -1860.895507
Pickup_Y = 1115.523193
Pickup_Z = 45.437515
Interior_X = 2496.219238
Interior_Y = -1693.817260
Interior_Z = 1014.742187
Cijena = 2500000
Interior = 3
Virtual = 1461
Zakljucano = 1
