Vlasnik = -/-
Pickup_X = -1842.598754
Pickup_Y = 1115.523559
Pickup_Z = 45.445312
Interior_X = 2496.219238
Interior_Y = -1693.817260
Interior_Z = 1014.742187
Cijena = 2500000
Interior = 3
Virtual = 507
Zakljucano = 1
