Vlasnik = -/-
Pickup_X = -1815.076660
Pickup_Y = 1078.649291
Pickup_Z = 46.082084
Interior_X = 234.199996
Interior_Y = 1064.900024
Interior_Z = 1084.199951
Cijena = 5000000
Interior = 6
Virtual = 751
Zakljucano = 1
