Vlasnik = -/-
Pickup_X = -1754.079833
Pickup_Y = 963.094665
Pickup_Z = 24.882812
Interior_X = 234.199996
Interior_Y = 1064.900024
Interior_Z = 1084.199951
Cijena = 5000000
Interior = 6
Virtual = 960
Zakljucano = 1
