Vlasnik = -/-
Pickup_X = -2018.548339
Pickup_Y = 849.284301
Pickup_Z = 45.448417
Interior_X = 2496.219238
Interior_Y = -1693.817260
Interior_Z = 1014.742187
Cijena = 2500000
Interior = 3
Virtual = 450
Zakljucano = 1
