Vlasnik = -/-
Pickup_X = -2018.549926
Pickup_Y = 865.717163
Pickup_Z = 45.445312
Interior_X = 2496.219238
Interior_Y = -1693.817260
Interior_Z = 1014.742187
Cijena = 2500000
Interior = 3
Virtual = 574
Zakljucano = 1
