Vlasnik = -/-
Pickup_X = -2016.352783
Pickup_Y = 897.510498
Pickup_Z = 45.445312
Interior_X = 2496.219238
Interior_Y = -1693.817260
Interior_Z = 1014.742187
Cijena = 2500000
Interior = 3
Virtual = 915
Zakljucano = 1
