Vlasnik = -/-
Pickup_X = -2034.293334
Pickup_Y = 901.468811
Pickup_Z = 50.495727
Interior_X = 2196.414794
Interior_Y = -1204.106079
Interior_Z = 1049.023437
Cijena = 3500000
Interior = 6
Virtual = 1113
Zakljucano = 1
