Vlasnik = -/-
Pickup_X = -2059.020507
Pickup_Y = 889.365844
Pickup_Z = 61.856685
Interior_X = 2496.219238
Interior_Y = -1693.817260
Interior_Z = 1014.742187
Cijena = 2500000
Interior = 3
Virtual = 1340
Zakljucano = 1
