Vlasnik = -/-
Pickup_X = -2075.150634
Pickup_Y = 898.639648
Pickup_Z = 64.132812
Interior_X = 2496.219238
Interior_Y = -1693.817260
Interior_Z = 1014.742187
Cijena = 2500000
Interior = 3
Virtual = 66
Zakljucano = 1
