Vlasnik = -/-
Pickup_X = -2099.610595
Pickup_Y = 897.357177
Pickup_Z = 76.710937
Interior_X = 2196.414794
Interior_Y = -1204.106079
Interior_Z = 1049.023437
Cijena = 3500000
Interior = 6
Virtual = 502
Zakljucano = 1
