Vlasnik = -/-
Pickup_X = -2116.812500
Pickup_Y = 927.829345
Pickup_Z = 86.079063
Interior_X = 2496.219238
Interior_Y = -1693.817260
Interior_Z = 1014.742187
Cijena = 2500000
Interior = 3
Virtual = 396
Zakljucano = 1
