Vlasnik = -/-
Pickup_X = -2159.918457
Pickup_Y = 983.364501
Pickup_Z = 80.000000
Interior_X = 2496.219238
Interior_Y = -1693.817260
Interior_Z = 1014.742187
Cijena = 2500000
Interior = 3
Virtual = 375
Zakljucano = 1
