Vlasnik = -/-
Pickup_X = -2160.016845
Pickup_Y = 1066.756103
Pickup_Z = 80.007812
Interior_X = 2496.219238
Interior_Y = -1693.817260
Interior_Z = 1014.742187
Cijena = 2500000
Interior = 3
Virtual = 473
Zakljucano = 1
