Vlasnik = -/-
Pickup_X = -2192.559814
Pickup_Y = 902.663757
Pickup_Z = 76.364326
Interior_X = 2496.219238
Interior_Y = -1693.817260
Interior_Z = 1014.742187
Cijena = 2500000
Interior = 3
Virtual = 929
Zakljucano = 1
