Vlasnik = -/-
Pickup_X = -2210.883300
Pickup_Y = 902.666259
Pickup_Z = 68.988662
Interior_X = 2496.219238
Interior_Y = -1693.817260
Interior_Z = 1014.742187
Cijena = 2500000
Interior = 3
Virtual = 648
Zakljucano = 1
