Vlasnik = -/-
Pickup_X = -2210.953613
Pickup_Y = 934.385742
Pickup_Z = 70.338615
Interior_X = 2496.219238
Interior_Y = -1693.817260
Interior_Z = 1014.742187
Cijena = 2500000
Interior = 3
Virtual = 580
Zakljucano = 1
