Vlasnik = -/-
Pickup_X = -2229.340576
Pickup_Y = 934.386779
Pickup_Z = 67.107902
Interior_X = 2496.219238
Interior_Y = -1693.817260
Interior_Z = 1014.742187
Cijena = 2500000
Interior = 3
Virtual = 1168
Zakljucano = 1
