Vlasnik = -/-
Pickup_X = -2224.848388
Pickup_Y = 902.662658
Pickup_Z = 66.648437
Interior_X = 2496.219238
Interior_Y = -1693.817260
Interior_Z = 1014.742187
Cijena = 2500000
Interior = 3
Virtual = 1438
Zakljucano = 1
