Vlasnik = -/-
Pickup_X = -2282.526611
Pickup_Y = 916.506652
Pickup_Z = 66.648437
Interior_X = 2496.219238
Interior_Y = -1693.817260
Interior_Z = 1014.742187
Cijena = 2500000
Interior = 3
Virtual = 1035
Zakljucano = 1
