Vlasnik = -/-
Pickup_X = -2238.785644
Pickup_Y = 962.173095
Pickup_Z = 66.652183
Interior_X = 2496.219238
Interior_Y = -1693.817260
Interior_Z = 1014.742187
Cijena = 2500000
Interior = 3
Virtual = 261
Zakljucano = 1
