Vlasnik = -/-
Pickup_X = -2238.787109
Pickup_Y = 980.591796
Pickup_Z = 71.450996
Interior_X = 2496.219238
Interior_Y = -1693.817260
Interior_Z = 1014.742187
Cijena = 2500000
Interior = 3
Virtual = 229
Zakljucano = 1
