Vlasnik = -/-
Pickup_X = -2282.419921
Pickup_Y = 979.237548
Pickup_Z = 70.827964
Interior_X = 2496.219238
Interior_Y = -1693.817260
Interior_Z = 1014.742187
Cijena = 2500000
Interior = 3
Virtual = 847
Zakljucano = 1
