Vlasnik = -/-
Pickup_X = -2282.421142
Pickup_Y = 999.405212
Pickup_Z = 79.214622
Interior_X = 2496.219238
Interior_Y = -1693.817260
Interior_Z = 1014.742187
Cijena = 2500000
Interior = 3
Virtual = 1337
Zakljucano = 1
