Vlasnik = -/-
Pickup_X = -2282.420410
Pickup_Y = 1023.021362
Pickup_Z = 84.112846
Interior_X = 2496.219238
Interior_Y = -1693.817260
Interior_Z = 1014.742187
Cijena = 2500000
Interior = 3
Virtual = 683
Zakljucano = 1
