Vlasnik = -/-
Pickup_X = -2239.740722
Pickup_Y = 1054.198120
Pickup_Z = 82.844703
Interior_X = 2496.219238
Interior_Y = -1693.817260
Interior_Z = 1014.742187
Cijena = 2500000
Interior = 3
Virtual = 550
Zakljucano = 1
