Vlasnik = -/-
Pickup_X = 1761.328002
Pickup_Y = -2125.452636
Pickup_Z = 14.056648
Interior_X = 2196.414794
Interior_Y = -1204.106079
Interior_Z = 1049.023437
Cijena = 3500000
Interior = 6
Virtual = 950
Zakljucano = 1
