Vlasnik = -/-
Pickup_X = -2282.420898
Pickup_Y = 1070.137573
Pickup_Z = 81.703140
Interior_X = 2496.219238
Interior_Y = -1693.817260
Interior_Z = 1014.742187
Cijena = 2500000
Interior = 3
Virtual = 324
Zakljucano = 1
