Vlasnik = -/-
Pickup_X = -2239.741943
Pickup_Y = 1070.535278
Pickup_Z = 81.023429
Interior_X = 2496.219238
Interior_Y = -1693.817260
Interior_Z = 1014.742187
Cijena = 2500000
Interior = 3
Virtual = 1328
Zakljucano = 1
