Vlasnik = -/-
Pickup_X = -2228.022705
Pickup_Y = 1079.989257
Pickup_Z = 80.007812
Interior_X = 2496.219238
Interior_Y = -1693.817260
Interior_Z = 1014.742187
Cijena = 2500000
Interior = 3
Virtual = 420
Zakljucano = 1
