Vlasnik = -/-
Pickup_X = -2208.079345
Pickup_Y = 1108.047973
Pickup_Z = 80.007812
Interior_X = 2496.219238
Interior_Y = -1693.817260
Interior_Z = 1014.742187
Cijena = 2500000
Interior = 3
Virtual = 87
Zakljucano = 1
