Vlasnik = -/-
Pickup_X = 1898.305786
Pickup_Y = -2003.842285
Pickup_Z = 13.546875
Interior_X = 2196.414794
Interior_Y = -1204.106079
Interior_Z = 1049.023437
Cijena = 3500000
Interior = 6
Virtual = 1001
Zakljucano = 1
