Vlasnik = -/-
Pickup_X = -2173.575927
Pickup_Y = 992.868286
Pickup_Z = 80.000000
Interior_X = 2196.414794
Interior_Y = -1204.106079
Interior_Z = 1049.023437
Cijena = 3500000
Interior = 6
Virtual = 780
Zakljucano = 1
