Vlasnik = -/-
Pickup_X = -2173.576660
Pickup_Y = 974.159729
Pickup_Z = 80.000000
Interior_X = 2196.414794
Interior_Y = -1204.106079
Interior_Z = 1049.023437
Cijena = 3500000
Interior = 6
Virtual = 909
Zakljucano = 1
