Vlasnik = -/-
Pickup_X = -2211.839599
Pickup_Y = 1057.653320
Pickup_Z = 80.013061
Interior_X = 2496.219238
Interior_Y = -1693.817260
Interior_Z = 1014.742187
Cijena = 2500000
Interior = 3
Virtual = 709
Zakljucano = 1
