Vlasnik = -/-
Pickup_X = -2295.132324
Pickup_Y = 969.983764
Pickup_Z = 65.336288
Interior_X = 2496.219238
Interior_Y = -1693.817260
Interior_Z = 1014.742187
Cijena = 2500000
Interior = 3
Virtual = 186
Zakljucano = 1
