Vlasnik = -/-
Pickup_X = -2307.256835
Pickup_Y = 944.597351
Pickup_Z = 61.567672
Interior_X = 2496.219238
Interior_Y = -1693.817260
Interior_Z = 1014.742187
Cijena = 2500000
Interior = 3
Virtual = 81
Zakljucano = 1
