Vlasnik = -/-
Pickup_X = -2325.846191
Pickup_Y = 944.255554
Pickup_Z = 55.320957
Interior_X = 2496.219238
Interior_Y = -1693.817260
Interior_Z = 1014.742187
Cijena = 2500000
Interior = 3
Virtual = 651
Zakljucano = 1
