Vlasnik = -/-
Pickup_X = -2413.037841
Pickup_Y = 895.391906
Pickup_Z = 45.474552
Interior_X = 2496.219238
Interior_Y = -1693.817260
Interior_Z = 1014.742187
Cijena = 2500000
Interior = 3
Virtual = 884
Zakljucano = 1
