Vlasnik = -/-
Pickup_X = -2431.458007
Pickup_Y = 895.233459
Pickup_Z = 50.546028
Interior_X = 2496.219238
Interior_Y = -1693.817260
Interior_Z = 1014.742187
Cijena = 2500000
Interior = 3
Virtual = 632
Zakljucano = 1
