Vlasnik = -/-
Pickup_X = -2431.436767
Pickup_Y = 921.427551
Pickup_Z = 50.578125
Interior_X = 2496.219238
Interior_Y = -1693.817260
Interior_Z = 1014.742187
Cijena = 2500000
Interior = 3
Virtual = 1408
Zakljucano = 1
