Vlasnik = -/-
Pickup_X = -2449.611816
Pickup_Y = 895.234191
Pickup_Z = 58.146587
Interior_X = 2496.219238
Interior_Y = -1693.817260
Interior_Z = 1014.742187
Cijena = 2500000
Interior = 3
Virtual = 899
Zakljucano = 1
