Vlasnik = -/-
Pickup_X = -2472.007812
Pickup_Y = 895.234680
Pickup_Z = 63.168373
Interior_X = 2496.219238
Interior_Y = -1693.817260
Interior_Z = 1014.742187
Cijena = 2500000
Interior = 3
Virtual = 151
Zakljucano = 1
