Vlasnik = -/-
Pickup_X = -2502.985107
Pickup_Y = 921.380004
Pickup_Z = 65.241363
Interior_X = 2496.219238
Interior_Y = -1693.817260
Interior_Z = 1014.742187
Cijena = 2500000
Interior = 3
Virtual = 270
Zakljucano = 1
