Vlasnik = -/-
Pickup_X = -2540.002929
Pickup_Y = 868.175537
Pickup_Z = 57.696063
Interior_X = 2496.219238
Interior_Y = -1693.817260
Interior_Z = 1014.742187
Cijena = 2500000
Interior = 3
Virtual = 1316
Zakljucano = 1
