Vlasnik = -/-
Pickup_X = -2540.685302
Pickup_Y = 855.156188
Pickup_Z = 53.179687
Interior_X = 2496.219238
Interior_Y = -1693.817260
Interior_Z = 1014.742187
Cijena = 2500000
Interior = 3
Virtual = 879
Zakljucano = 1
