Vlasnik = -/-
Pickup_X = -2539.720703
Pickup_Y = 845.087646
Pickup_Z = 50.596263
Interior_X = 2496.219238
Interior_Y = -1693.817260
Interior_Z = 1014.742187
Cijena = 2500000
Interior = 3
Virtual = 1272
Zakljucano = 1
