Vlasnik = -/-
Pickup_X = -2540.443603
Pickup_Y = 831.947631
Pickup_Z = 52.093750
Interior_X = 2496.219238
Interior_Y = -1693.817260
Interior_Z = 1014.742187
Cijena = 2500000
Interior = 3
Virtual = 1227
Zakljucano = 1
