Vlasnik = -/-
Pickup_X = -2513.504638
Pickup_Y = 830.903320
Pickup_Z = 49.996337
Interior_X = 2496.219238
Interior_Y = -1693.817260
Interior_Z = 1014.742187
Cijena = 2500000
Interior = 3
Virtual = 1243
Zakljucano = 1
