Vlasnik = -/-
Pickup_X = -2513.622802
Pickup_Y = 848.880065
Pickup_Z = 52.695312
Interior_X = 2496.219238
Interior_Y = -1693.817260
Interior_Z = 1014.742187
Cijena = 2500000
Interior = 3
Virtual = 387
Zakljucano = 1
