Vlasnik = -/-
Pickup_X = -2513.504150
Pickup_Y = 867.473571
Pickup_Z = 57.742187
Interior_X = 2496.219238
Interior_Y = -1693.817260
Interior_Z = 1014.742187
Cijena = 2500000
Interior = 3
Virtual = 10
Zakljucano = 1
