Vlasnik = -/-
Pickup_X = 1916.814819
Pickup_Y = -2009.953979
Pickup_Z = 13.546875
Interior_X = 234.199996
Interior_Y = 1064.900024
Interior_Z = 1084.199951
Cijena = 5000000
Interior = 6
Virtual = 1172
Zakljucano = 1
