Vlasnik = -/-
Pickup_X = -2513.504394
Pickup_Y = 885.693786
Pickup_Z = 62.778133
Interior_X = 2496.219238
Interior_Y = -1693.817260
Interior_Z = 1014.742187
Cijena = 2500000
Interior = 3
Virtual = 472
Zakljucano = 1
