Vlasnik = -/-
Pickup_X = -2537.140625
Pickup_Y = 929.392456
Pickup_Z = 65.013092
Interior_X = 2496.219238
Interior_Y = -1693.817260
Interior_Z = 1014.742187
Cijena = 2500000
Interior = 3
Virtual = 128
Zakljucano = 1
