Vlasnik = -/-
Pickup_X = -2543.575683
Pickup_Y = 922.371582
Pickup_Z = 67.093750
Interior_X = 2496.219238
Interior_Y = -1693.817260
Interior_Z = 1014.742187
Cijena = 2500000
Interior = 3
Virtual = 708
Zakljucano = 1
