Vlasnik = -/-
Pickup_X = -2545.085937
Pickup_Y = 920.345092
Pickup_Z = 64.976562
Interior_X = 2496.219238
Interior_Y = -1693.817260
Interior_Z = 1014.742187
Cijena = 2500000
Interior = 3
Virtual = 895
Zakljucano = 1
