Vlasnik = -/-
Pickup_X = -2562.397460
Pickup_Y = 920.379211
Pickup_Z = 64.984375
Interior_X = 2496.219238
Interior_Y = -1693.817260
Interior_Z = 1014.742187
Cijena = 2500000
Interior = 3
Virtual = 718
Zakljucano = 1
