Vlasnik = -/-
Pickup_X = -2580.958251
Pickup_Y = 920.379821
Pickup_Z = 64.984375
Interior_X = 2496.219238
Interior_Y = -1693.817260
Interior_Z = 1014.742187
Cijena = 2500000
Interior = 3
Virtual = 298
Zakljucano = 1
