Vlasnik = -/-
Pickup_X = -2583.737548
Pickup_Y = 896.253112
Pickup_Z = 64.984375
Interior_X = 2496.219238
Interior_Y = -1693.817260
Interior_Z = 1014.742187
Cijena = 2500000
Interior = 3
Virtual = 848
Zakljucano = 1
