Vlasnik = -/-
Pickup_X = -2566.608886
Pickup_Y = 896.639770
Pickup_Z = 64.984375
Interior_X = 2496.219238
Interior_Y = -1693.817260
Interior_Z = 1014.742187
Cijena = 2500000
Interior = 3
Virtual = 573
Zakljucano = 1
