Vlasnik = -/-
Pickup_X = -2565.927246
Pickup_Y = 819.799926
Pickup_Z = 49.991027
Interior_X = 2496.219238
Interior_Y = -1693.817260
Interior_Z = 1014.742187
Cijena = 2500000
Interior = 3
Virtual = 814
Zakljucano = 1
