Vlasnik = -/-
Pickup_X = -2576.360351
Pickup_Y = 819.799316
Pickup_Z = 49.984375
Interior_X = 2496.219238
Interior_Y = -1693.817260
Interior_Z = 1014.742187
Cijena = 2500000
Interior = 3
Virtual = 746
Zakljucano = 1
