Vlasnik = -/-
Pickup_X = -2590.944335
Pickup_Y = 819.799804
Pickup_Z = 49.991027
Interior_X = 2496.219238
Interior_Y = -1693.817260
Interior_Z = 1014.742187
Cijena = 2500000
Interior = 3
Virtual = 170
Zakljucano = 1
