Vlasnik = -/-
Pickup_X = -2586.094238
Pickup_Y = 794.173767
Pickup_Z = 49.423206
Interior_X = 2496.219238
Interior_Y = -1693.817260
Interior_Z = 1014.742187
Cijena = 2500000
Interior = 3
Virtual = 1487
Zakljucano = 1
