Vlasnik = -/-
Pickup_X = -2569.083740
Pickup_Y = 794.174316
Pickup_Z = 49.423278
Interior_X = 2496.219238
Interior_Y = -1693.817260
Interior_Z = 1014.742187
Cijena = 2500000
Interior = 3
Virtual = 1369
Zakljucano = 1
