Vlasnik = -/-
Pickup_X = -2550.779541
Pickup_Y = 794.174072
Pickup_Z = 49.423248
Interior_X = 2496.219238
Interior_Y = -1693.817260
Interior_Z = 1014.742187
Cijena = 2500000
Interior = 3
Virtual = 392
Zakljucano = 1
