Vlasnik = -/-
Pickup_X = -2541.254150
Pickup_Y = 750.616699
Pickup_Z = 33.678352
Interior_X = 2496.219238
Interior_Y = -1693.817260
Interior_Z = 1014.742187
Cijena = 2500000
Interior = 3
Virtual = 333
Zakljucano = 1
