Vlasnik = -/-
Pickup_X = -2541.290527
Pickup_Y = 733.214538
Pickup_Z = 28.051671
Interior_X = 2496.219238
Interior_Y = -1693.817260
Interior_Z = 1014.742187
Cijena = 2500000
Interior = 3
Virtual = 894
Zakljucano = 1
