Vlasnik = -/-
Pickup_X = -2581.404052
Pickup_Y = 719.031127
Pickup_Z = 27.945312
Interior_X = 2496.219238
Interior_Y = -1693.817260
Interior_Z = 1014.742187
Cijena = 2500000
Interior = 3
Virtual = 408
Zakljucano = 1
