Vlasnik = -/-
Pickup_X = -2594.186767
Pickup_Y = 732.828796
Pickup_Z = 28.136335
Interior_X = 2496.219238
Interior_Y = -1693.817260
Interior_Z = 1014.742187
Cijena = 2500000
Interior = 3
Virtual = 937
Zakljucano = 1
