Vlasnik = -/-
Pickup_X = -2594.245117
Pickup_Y = 750.862060
Pickup_Z = 33.701793
Interior_X = 2496.219238
Interior_Y = -1693.817260
Interior_Z = 1014.742187
Cijena = 2500000
Interior = 3
Virtual = 1467
Zakljucano = 1
