Vlasnik = -/-
Pickup_X = -2594.294433
Pickup_Y = 768.101440
Pickup_Z = 40.022258
Interior_X = 2496.219238
Interior_Y = -1693.817260
Interior_Z = 1014.742187
Cijena = 2500000
Interior = 3
Virtual = 443
Zakljucano = 1
