Vlasnik = -/-
Pickup_X = -2594.187255
Pickup_Y = 785.137878
Pickup_Z = 46.226390
Interior_X = 2496.219238
Interior_Y = -1693.817260
Interior_Z = 1014.742187
Cijena = 2500000
Interior = 3
Virtual = 1441
Zakljucano = 1
