Vlasnik = -/-
Pickup_X = -2621.677490
Pickup_Y = 802.815979
Pickup_Z = 49.984375
Interior_X = 2496.219238
Interior_Y = -1693.817260
Interior_Z = 1014.742187
Cijena = 2500000
Interior = 3
Virtual = 1472
Zakljucano = 1
