Vlasnik = -/-
Pickup_X = -2622.521240
Pickup_Y = 782.693542
Pickup_Z = 44.859375
Interior_X = 2496.219238
Interior_Y = -1693.817260
Interior_Z = 1014.742187
Cijena = 2500000
Interior = 3
Virtual = 880
Zakljucano = 1
