Vlasnik = -/-
Pickup_X = -2622.317382
Pickup_Y = 772.348449
Pickup_Z = 42.570388
Interior_X = 2496.219238
Interior_Y = -1693.817260
Interior_Z = 1014.742187
Cijena = 2500000
Interior = 3
Virtual = 1310
Zakljucano = 1
