Vlasnik = -/-
Pickup_X = -2622.522705
Pickup_Y = 766.138549
Pickup_Z = 36.835937
Interior_X = 2496.219238
Interior_Y = -1693.817260
Interior_Z = 1014.742187
Cijena = 2500000
Interior = 3
Virtual = 676
Zakljucano = 1
