Vlasnik = -/-
Pickup_X = -2622.522949
Pickup_Y = 757.652526
Pickup_Z = 35.328125
Interior_X = 2496.219238
Interior_Y = -1693.817260
Interior_Z = 1014.742187
Cijena = 2500000
Interior = 3
Virtual = 643
Zakljucano = 1
