Vlasnik = -/-
Pickup_X = -2622.521728
Pickup_Y = 749.754150
Pickup_Z = 31.421875
Interior_X = 2496.219238
Interior_Y = -1693.817260
Interior_Z = 1014.742187
Cijena = 2500000
Interior = 3
Virtual = 517
Zakljucano = 1
