Vlasnik = -/-
Pickup_X = -2627.805175
Pickup_Y = 735.333923
Pickup_Z = 30.585937
Interior_X = 2496.219238
Interior_Y = -1693.817260
Interior_Z = 1014.742187
Cijena = 2500000
Interior = 3
Virtual = 438
Zakljucano = 1
