Vlasnik = -/-
Pickup_X = -2625.479980
Pickup_Y = 733.182922
Pickup_Z = 28.010784
Interior_X = 2496.219238
Interior_Y = -1693.817260
Interior_Z = 1014.742187
Cijena = 2500000
Interior = 3
Virtual = 1403
Zakljucano = 1
