Vlasnik = -/-
Pickup_X = -2640.298095
Pickup_Y = 730.636840
Pickup_Z = 30.075717
Interior_X = 2496.219238
Interior_Y = -1693.817260
Interior_Z = 1014.742187
Cijena = 2500000
Interior = 3
Virtual = 1144
Zakljucano = 1
