Vlasnik = -/-
Pickup_X = -2642.055419
Pickup_Y = 728.034118
Pickup_Z = 27.960937
Interior_X = 2496.219238
Interior_Y = -1693.817260
Interior_Z = 1014.742187
Cijena = 2500000
Interior = 3
Virtual = 619
Zakljucano = 1
