Vlasnik = -/-
Pickup_X = -2665.322753
Pickup_Y = 722.253295
Pickup_Z = 27.962383
Interior_X = 2496.219238
Interior_Y = -1693.817260
Interior_Z = 1014.742187
Cijena = 2500000
Interior = 3
Virtual = 235
Zakljucano = 1
