Vlasnik = -/-
Pickup_X = -2678.098876
Pickup_Y = 722.248046
Pickup_Z = 28.596757
Interior_X = 2496.219238
Interior_Y = -1693.817260
Interior_Z = 1014.742187
Cijena = 2500000
Interior = 3
Virtual = 1347
Zakljucano = 1
