Vlasnik = -/-
Pickup_X = -2686.368408
Pickup_Y = 722.851501
Pickup_Z = 32.224708
Interior_X = 2496.219238
Interior_Y = -1693.817260
Interior_Z = 1014.742187
Cijena = 2500000
Interior = 3
Virtual = 990
Zakljucano = 1
