Vlasnik = -/-
Pickup_X = -2698.569580
Pickup_Y = 722.413024
Pickup_Z = 35.501998
Interior_X = 2496.219238
Interior_Y = -1693.817260
Interior_Z = 1014.742187
Cijena = 2500000
Interior = 3
Virtual = 877
Zakljucano = 1
