Vlasnik = -/-
Pickup_X = -2706.853515
Pickup_Y = 722.857971
Pickup_Z = 37.539062
Interior_X = 2496.219238
Interior_Y = -1693.817260
Interior_Z = 1014.742187
Cijena = 2500000
Interior = 3
Virtual = 1082
Zakljucano = 1
