Vlasnik = -/-
Pickup_X = -2710.757324
Pickup_Y = 722.860046
Pickup_Z = 39.718750
Interior_X = 2496.219238
Interior_Y = -1693.817260
Interior_Z = 1014.742187
Cijena = 2500000
Interior = 3
Virtual = 1005
Zakljucano = 1
