Vlasnik = -/-
Pickup_X = -2731.282714
Pickup_Y = 723.702270
Pickup_Z = 41.273437
Interior_X = 2496.219238
Interior_Y = -1693.817260
Interior_Z = 1014.742187
Cijena = 2500000
Interior = 3
Virtual = 388
Zakljucano = 1
