Vlasnik = -/-
Pickup_X = -2738.312255
Pickup_Y = 734.782592
Pickup_Z = 45.374706
Interior_X = 2496.219238
Interior_Y = -1693.817260
Interior_Z = 1014.742187
Cijena = 2500000
Interior = 3
Virtual = 2
Zakljucano = 1
