Vlasnik = -/-
Pickup_X = -2738.314697
Pickup_Y = 746.590698
Pickup_Z = 49.186439
Interior_X = 2496.219238
Interior_Y = -1693.817260
Interior_Z = 1014.742187
Cijena = 2500000
Interior = 3
Virtual = 517
Zakljucano = 1
