Vlasnik = -/-
Pickup_X = -2738.315429
Pickup_Y = 755.018066
Pickup_Z = 52.772480
Interior_X = 2496.219238
Interior_Y = -1693.817260
Interior_Z = 1014.742187
Cijena = 2500000
Interior = 3
Virtual = 896
Zakljucano = 1
