Vlasnik = -/-
Pickup_X = -2738.315917
Pickup_Y = 797.568664
Pickup_Z = 53.267463
Interior_X = 2496.219238
Interior_Y = -1693.817260
Interior_Z = 1014.742187
Cijena = 2500000
Interior = 3
Virtual = 473
Zakljucano = 1
