Vlasnik = -/-
Pickup_X = -2738.314453
Pickup_Y = 801.521789
Pickup_Z = 53.062500
Interior_X = 2496.219238
Interior_Y = -1693.817260
Interior_Z = 1014.742187
Cijena = 2500000
Interior = 3
Virtual = 44
Zakljucano = 1
