Vlasnik = -/-
Pickup_X = 1734.527343
Pickup_Y = -2130.247802
Pickup_Z = 14.021014
Interior_X = 2496.219238
Interior_Y = -1693.817260
Interior_Z = 1014.742187
Cijena = 2500000
Interior = 3
Virtual = 124
Zakljucano = 1
