Vlasnik = -/-
Pickup_X = -2732.115966
Pickup_Y = 808.716979
Pickup_Z = 53.062500
Interior_X = 2496.219238
Interior_Y = -1693.817260
Interior_Z = 1014.742187
Cijena = 2500000
Interior = 3
Virtual = 302
Zakljucano = 1
