Vlasnik = -/-
Pickup_X = -2737.262207
Pickup_Y = 822.991699
Pickup_Z = 53.730895
Interior_X = 2496.219238
Interior_Y = -1693.817260
Interior_Z = 1014.742187
Cijena = 2500000
Interior = 3
Virtual = 995
Zakljucano = 1
