Vlasnik = -/-
Pickup_X = -2709.786865
Pickup_Y = 803.080810
Pickup_Z = 49.976562
Interior_X = 2496.219238
Interior_Y = -1693.817260
Interior_Z = 1014.742187
Cijena = 2500000
Interior = 3
Virtual = 1366
Zakljucano = 1
