Vlasnik = -/-
Pickup_X = -2699.125732
Pickup_Y = 803.094238
Pickup_Z = 49.970275
Interior_X = 2496.219238
Interior_Y = -1693.817260
Interior_Z = 1014.742187
Cijena = 2500000
Interior = 3
Virtual = 740
Zakljucano = 1
