Vlasnik = -/-
Pickup_X = -2677.237792
Pickup_Y = 803.080017
Pickup_Z = 49.976562
Interior_X = 2496.219238
Interior_Y = -1693.817260
Interior_Z = 1014.742187
Cijena = 2500000
Interior = 3
Virtual = 1429
Zakljucano = 1
