Vlasnik = -/-
Pickup_X = 1868.519531
Pickup_Y = -2038.133056
Pickup_Z = 13.546875
Interior_X = 234.199996
Interior_Y = 1064.900024
Interior_Z = 1084.199951
Cijena = 5000000
Interior = 6
Virtual = 557
Zakljucano = 1
