Vlasnik = -/-
Pickup_X = -2666.673095
Pickup_Y = 820.294494
Pickup_Z = 49.984375
Interior_X = 2496.219238
Interior_Y = -1693.817260
Interior_Z = 1014.742187
Cijena = 2500000
Interior = 3
Virtual = 38
Zakljucano = 1
