Vlasnik = -/-
Pickup_X = -2700.369628
Pickup_Y = 820.863464
Pickup_Z = 49.984375
Interior_X = 2196.414794
Interior_Y = -1204.106079
Interior_Z = 1049.023437
Cijena = 3500000
Interior = 6
Virtual = 1143
Zakljucano = 0
