Vlasnik = -/-
Pickup_X = -2737.839599
Pickup_Y = 836.735351
Pickup_Z = 56.252742
Interior_X = 2496.219238
Interior_Y = -1693.817260
Interior_Z = 1014.742187
Cijena = 2500000
Interior = 3
Virtual = 1417
Zakljucano = 1
