Vlasnik = -/-
Pickup_X = -2736.884521
Pickup_Y = 846.655090
Pickup_Z = 59.272781
Interior_X = 2496.219238
Interior_Y = -1693.817260
Interior_Z = 1014.742187
Cijena = 2500000
Interior = 3
Virtual = 219
Zakljucano = 1
