Vlasnik = -/-
Pickup_X = -2737.550781
Pickup_Y = 853.082336
Pickup_Z = 61.348793
Interior_X = 2496.219238
Interior_Y = -1693.817260
Interior_Z = 1014.742187
Cijena = 2500000
Interior = 3
Virtual = 100
Zakljucano = 1
