Vlasnik = -/-
Pickup_X = -2737.631835
Pickup_Y = 866.236755
Pickup_Z = 64.632812
Interior_X = 2496.219238
Interior_Y = -1693.817260
Interior_Z = 1014.742187
Cijena = 2500000
Interior = 3
Virtual = 1406
Zakljucano = 1
