Vlasnik = -/-
Pickup_X = -2720.863525
Pickup_Y = 923.922668
Pickup_Z = 67.593750
Interior_X = 234.199996
Interior_Y = 1064.900024
Interior_Z = 1084.199951
Cijena = 5000000
Interior = 6
Virtual = 1320
Zakljucano = 1
