Vlasnik = -/-
Pickup_X = -2904.370605
Pickup_Y = 1178.984741
Pickup_Z = 13.441442
Interior_X = 2496.219238
Interior_Y = -1693.817260
Interior_Z = 1014.742187
Cijena = 2500000
Interior = 3
Virtual = 987
Zakljucano = 1
