Vlasnik = -/-
Pickup_X = -2904.420410
Pickup_Y = 1171.737182
Pickup_Z = 13.435136
Interior_X = 2496.219238
Interior_Y = -1693.817260
Interior_Z = 1014.742187
Cijena = 2500000
Interior = 3
Virtual = 916
Zakljucano = 1
