Vlasnik = -/-
Pickup_X = -2904.387695
Pickup_Y = 1164.915893
Pickup_Z = 13.435163
Interior_X = 2496.219238
Interior_Y = -1693.817260
Interior_Z = 1014.742187
Cijena = 2500000
Interior = 3
Virtual = 497
Zakljucano = 1
