Vlasnik = -/-
Pickup_X = -2903.947509
Pickup_Y = 1155.113403
Pickup_Z = 13.445330
Interior_X = 2496.219238
Interior_Y = -1693.817260
Interior_Z = 1014.742187
Cijena = 2500000
Interior = 3
Virtual = 1010
Zakljucano = 1
