Vlasnik = -/-
Pickup_X = -2903.923583
Pickup_Y = 1119.060913
Pickup_Z = 26.817981
Interior_X = 2496.219238
Interior_Y = -1693.817260
Interior_Z = 1014.742187
Cijena = 2500000
Interior = 3
Virtual = 167
Zakljucano = 1
