Vlasnik = -/-
Pickup_X = -2904.001953
Pickup_Y = 1111.836303
Pickup_Z = 26.835056
Interior_X = 2496.219238
Interior_Y = -1693.817260
Interior_Z = 1014.742187
Cijena = 2500000
Interior = 3
Virtual = 215
Zakljucano = 1
