Vlasnik = -/-
Pickup_X = -2903.717773
Pickup_Y = 1100.850708
Pickup_Z = 26.855409
Interior_X = 2496.219238
Interior_Y = -1693.817260
Interior_Z = 1014.742187
Cijena = 2500000
Interior = 3
Virtual = 1442
Zakljucano = 1
