Vlasnik = -/-
Pickup_X = -2899.768066
Pickup_Y = 1081.102661
Pickup_Z = 31.902048
Interior_X = 2496.219238
Interior_Y = -1693.817260
Interior_Z = 1014.742187
Cijena = 2500000
Interior = 3
Virtual = 115
Zakljucano = 1
