Vlasnik = -/-
Pickup_X = -2899.456787
Pickup_Y = 1056.900146
Pickup_Z = 31.912553
Interior_X = 2496.219238
Interior_Y = -1693.817260
Interior_Z = 1014.742187
Cijena = 2500000
Interior = 3
Virtual = 444
Zakljucano = 1
