Vlasnik = -/-
Pickup_X = -2900.576171
Pickup_Y = 1033.705322
Pickup_Z = 36.554031
Interior_X = 2496.219238
Interior_Y = -1693.817260
Interior_Z = 1014.742187
Cijena = 2500000
Interior = 3
Virtual = 129
Zakljucano = 1
