Vlasnik = -/-
Pickup_X = -2898.442626
Pickup_Y = 1027.225830
Pickup_Z = 36.581783
Interior_X = 2496.219238
Interior_Y = -1693.817260
Interior_Z = 1014.742187
Cijena = 2500000
Interior = 3
Virtual = 850
Zakljucano = 1
