Vlasnik = -/-
Pickup_X = -2880.225585
Pickup_Y = 990.025329
Pickup_Z = 40.492637
Interior_X = 2496.219238
Interior_Y = -1693.817260
Interior_Z = 1014.742187
Cijena = 2500000
Interior = 3
Virtual = 1480
Zakljucano = 1
