Vlasnik = -/-
Pickup_X = -2875.072021
Pickup_Y = 981.598999
Pickup_Z = 40.495609
Interior_X = 2496.219238
Interior_Y = -1693.817260
Interior_Z = 1014.742187
Cijena = 2500000
Interior = 3
Virtual = 1071
Zakljucano = 1
