Vlasnik = -/-
Pickup_X = -2859.737792
Pickup_Y = 963.396179
Pickup_Z = 43.820644
Interior_X = 2496.219238
Interior_Y = -1693.817260
Interior_Z = 1014.742187
Cijena = 2500000
Interior = 3
Virtual = 335
Zakljucano = 1
