Vlasnik = -/-
Pickup_X = -2856.924072
Pickup_Y = 957.361145
Pickup_Z = 43.823986
Interior_X = 2496.219238
Interior_Y = -1693.817260
Interior_Z = 1014.742187
Cijena = 2500000
Interior = 3
Virtual = 611
Zakljucano = 1
