Vlasnik = -/-
Pickup_X = -2852.398925
Pickup_Y = 947.666076
Pickup_Z = 43.825542
Interior_X = 2496.219238
Interior_Y = -1693.817260
Interior_Z = 1014.742187
Cijena = 2500000
Interior = 3
Virtual = 689
Zakljucano = 1
