Vlasnik = -/-
Pickup_X = -2844.390136
Pickup_Y = 928.487121
Pickup_Z = 43.828819
Interior_X = 2496.219238
Interior_Y = -1693.817260
Interior_Z = 1014.742187
Cijena = 2500000
Interior = 3
Virtual = 455
Zakljucano = 1
