Vlasnik = -/-
Pickup_X = -2843.880859
Pickup_Y = 921.345581
Pickup_Z = 43.828563
Interior_X = 2496.219238
Interior_Y = -1693.817260
Interior_Z = 1014.742187
Cijena = 2500000
Interior = 3
Virtual = 640
Zakljucano = 1
