Vlasnik = -/-
Pickup_X = -2843.271484
Pickup_Y = 914.387756
Pickup_Z = 43.829780
Interior_X = 2496.219238
Interior_Y = -1693.817260
Interior_Z = 1014.742187
Cijena = 2500000
Interior = 3
Virtual = 684
Zakljucano = 1
