Vlasnik = -/-
Pickup_X = -2841.979248
Pickup_Y = 904.782653
Pickup_Z = 43.827404
Interior_X = 2496.219238
Interior_Y = -1693.817260
Interior_Z = 1014.742187
Cijena = 2500000
Interior = 3
Virtual = 1268
Zakljucano = 1
