Vlasnik = -/-
Pickup_X = -2839.358154
Pickup_Y = 884.474792
Pickup_Z = 43.825504
Interior_X = 2496.219238
Interior_Y = -1693.817260
Interior_Z = 1014.742187
Cijena = 2500000
Interior = 3
Virtual = 125
Zakljucano = 1
