Vlasnik = -/-
Pickup_X = -2839.403076
Pickup_Y = 866.830688
Pickup_Z = 43.828041
Interior_X = 2496.219238
Interior_Y = -1693.817260
Interior_Z = 1014.742187
Cijena = 2500000
Interior = 3
Virtual = 1131
Zakljucano = 1
