Vlasnik = -/-
Pickup_X = -2855.687011
Pickup_Y = 842.058898
Pickup_Z = 39.781887
Interior_X = 2496.219238
Interior_Y = -1693.817260
Interior_Z = 1014.742187
Cijena = 2500000
Interior = 3
Virtual = 1221
Zakljucano = 1
