Vlasnik = -/-
Pickup_X = -2859.524414
Pickup_Y = 835.080993
Pickup_Z = 39.614784
Interior_X = 2496.219238
Interior_Y = -1693.817260
Interior_Z = 1014.742187
Cijena = 2500000
Interior = 3
Virtual = 1150
Zakljucano = 1
