Vlasnik = -/-
Pickup_X = -2862.785400
Pickup_Y = 828.977539
Pickup_Z = 39.358341
Interior_X = 2496.219238
Interior_Y = -1693.817260
Interior_Z = 1014.742187
Cijena = 2500000
Interior = 3
Virtual = 1091
Zakljucano = 1
