Vlasnik = -/-
Pickup_X = -2867.436767
Pickup_Y = 820.615844
Pickup_Z = 39.107387
Interior_X = 2496.219238
Interior_Y = -1693.817260
Interior_Z = 1014.742187
Cijena = 2500000
Interior = 3
Virtual = 988
Zakljucano = 1
