Vlasnik = -/-
Pickup_X = -2880.602783
Pickup_Y = 789.839965
Pickup_Z = 35.072708
Interior_X = 2496.219238
Interior_Y = -1693.817260
Interior_Z = 1014.742187
Cijena = 2500000
Interior = 3
Virtual = 1005
Zakljucano = 1
