Vlasnik = -/-
Pickup_X = -2883.673339
Pickup_Y = 750.826232
Pickup_Z = 29.057348
Interior_X = 2496.219238
Interior_Y = -1693.817260
Interior_Z = 1014.742187
Cijena = 2500000
Interior = 3
Virtual = 267
Zakljucano = 1
