Vlasnik = -/-
Pickup_X = -2883.363525
Pickup_Y = 743.619506
Pickup_Z = 29.078741
Interior_X = 2496.219238
Interior_Y = -1693.817260
Interior_Z = 1014.742187
Cijena = 2500000
Interior = 3
Virtual = 943
Zakljucano = 1
