Vlasnik = -/-
Pickup_X = -2881.378906
Pickup_Y = 726.811157
Pickup_Z = 28.990846
Interior_X = 2496.219238
Interior_Y = -1693.817260
Interior_Z = 1014.742187
Cijena = 2500000
Interior = 3
Virtual = 1145
Zakljucano = 1
