Vlasnik = -/-
Pickup_X = -2871.616455
Pickup_Y = 697.768127
Pickup_Z = 23.252037
Interior_X = 2496.219238
Interior_Y = -1693.817260
Interior_Z = 1014.742187
Cijena = 2500000
Interior = 3
Virtual = 544
Zakljucano = 1
