Vlasnik = -/-
Pickup_X = -2868.699707
Pickup_Y = 691.411071
Pickup_Z = 23.241956
Interior_X = 2496.219238
Interior_Y = -1693.817260
Interior_Z = 1014.742187
Cijena = 2500000
Interior = 3
Virtual = 1284
Zakljucano = 1
