Vlasnik = -/-
Pickup_X = -2864.304931
Pickup_Y = 681.984985
Pickup_Z = 23.226522
Interior_X = 2496.219238
Interior_Y = -1693.817260
Interior_Z = 1014.742187
Cijena = 2500000
Interior = 3
Virtual = 167
Zakljucano = 1
