Vlasnik = -/-
Pickup_X = -2764.639892
Pickup_Y = 376.137512
Pickup_Z = 6.057079
Interior_X = 234.199996
Interior_Y = 1064.900024
Interior_Z = 1084.199951
Cijena = 5000000
Interior = 6
Virtual = 16
Zakljucano = 1
