Vlasnik = -/-
Pickup_X = -2652.002441
Pickup_Y = 375.757568
Pickup_Z = 5.045267
Interior_X = 2496.219238
Interior_Y = -1693.817260
Interior_Z = 1014.742187
Cijena = 2500000
Interior = 3
Virtual = 1281
Zakljucano = 1
