Vlasnik = -/-
Pickup_X = -2637.285156
Pickup_Y = 274.357604
Pickup_Z = 4.100574
Interior_X = 2496.219238
Interior_Y = -1693.817260
Interior_Z = 1014.742187
Cijena = 2500000
Interior = 3
Virtual = 1418
Zakljucano = 1
