Vlasnik = -/-
Pickup_X = -2636.787841
Pickup_Y = 261.257965
Pickup_Z = 4.098865
Interior_X = 2496.219238
Interior_Y = -1693.817260
Interior_Z = 1014.742187
Cijena = 2500000
Interior = 3
Virtual = 1336
Zakljucano = 1
