Vlasnik = -/-
Pickup_X = -2636.120361
Pickup_Y = 254.445022
Pickup_Z = 4.391776
Interior_X = 2496.219238
Interior_Y = -1693.817260
Interior_Z = 1014.742187
Cijena = 2500000
Interior = 3
Virtual = 193
Zakljucano = 1
