Vlasnik = -/-
Pickup_X = -2653.923339
Pickup_Y = 204.119659
Pickup_Z = 4.169264
Interior_X = 2496.219238
Interior_Y = -1693.817260
Interior_Z = 1014.742187
Cijena = 2500000
Interior = 3
Virtual = 505
Zakljucano = 1
