Vlasnik = -/-
Pickup_X = -2672.177734
Pickup_Y = 204.133285
Pickup_Z = 4.186970
Interior_X = 2496.219238
Interior_Y = -1693.817260
Interior_Z = 1014.742187
Cijena = 2500000
Interior = 3
Virtual = 452
Zakljucano = 1
