Vlasnik = -/-
Pickup_X = -2688.895263
Pickup_Y = 203.992218
Pickup_Z = 4.432765
Interior_X = 2496.219238
Interior_Y = -1693.817260
Interior_Z = 1014.742187
Cijena = 2500000
Interior = 3
Virtual = 1255
Zakljucano = 1
