Vlasnik = -/-
Pickup_X = -2693.157958
Pickup_Y = 136.401275
Pickup_Z = 4.113323
Interior_X = 2496.219238
Interior_Y = -1693.817260
Interior_Z = 1014.742187
Cijena = 2500000
Interior = 3
Virtual = 673
Zakljucano = 1
