Vlasnik = -/-
Pickup_X = -2686.795654
Pickup_Y = 115.526565
Pickup_Z = 7.195312
Interior_X = 2496.219238
Interior_Y = -1693.817260
Interior_Z = 1014.742187
Cijena = 2500000
Interior = 3
Virtual = 360
Zakljucano = 1
