Vlasnik = -/-
Pickup_X = -2690.774414
Pickup_Y = 102.295944
Pickup_Z = 4.573123
Interior_X = 2496.219238
Interior_Y = -1693.817260
Interior_Z = 1014.742187
Cijena = 2500000
Interior = 3
Virtual = 540
Zakljucano = 1
