Vlasnik = -/-
Pickup_X = -2689.227783
Pickup_Y = 96.319328
Pickup_Z = 7.203125
Interior_X = 2496.219238
Interior_Y = -1693.817260
Interior_Z = 1014.742187
Cijena = 2500000
Interior = 3
Virtual = 694
Zakljucano = 1
