Vlasnik = -/-
Pickup_X = -2689.452880
Pickup_Y = 74.509315
Pickup_Z = 7.203125
Interior_X = 2196.414794
Interior_Y = -1204.106079
Interior_Z = 1049.023437
Cijena = 3500000
Interior = 6
Virtual = 836
Zakljucano = 1
