Vlasnik = -/-
Pickup_X = -2721.812011
Pickup_Y = -23.297086
Pickup_Z = 4.573447
Interior_X = 2496.219238
Interior_Y = -1693.817260
Interior_Z = 1014.742187
Cijena = 2500000
Interior = 3
Virtual = 436
Zakljucano = 1
