Vlasnik = -/-
Pickup_X = -2725.790039
Pickup_Y = -36.567871
Pickup_Z = 7.195312
Interior_X = 2496.219238
Interior_Y = -1693.817260
Interior_Z = 1014.742187
Cijena = 2500000
Interior = 3
Virtual = 41
Zakljucano = 1
