Vlasnik = Black_Bird
Pickup_X = -2666.198242
Pickup_Y = -5.390892
Pickup_Z = 6.132812
Interior_X = 234.199996
Interior_Y = 1064.900024
Interior_Z = 1084.199951
Cijena = 5000000
Interior = 6
Virtual = 1227
Zakljucano = 0
