Vlasnik = -/-
Pickup_X = -2728.170166
Pickup_Y = -98.569679
Pickup_Z = 7.203125
Interior_X = 2496.219238
Interior_Y = -1693.817260
Interior_Z = 1014.742187
Cijena = 2500000
Interior = 3
Virtual = 1166
Zakljucano = 1
