Vlasnik = -/-
Pickup_X = 1852.334960
Pickup_Y = -2021.347290
Pickup_Z = 13.546875
Interior_X = 2496.219238
Interior_Y = -1693.817260
Interior_Z = 1014.742187
Cijena = 2500000
Interior = 3
Virtual = 1156
Zakljucano = 1
