Vlasnik = -/-
Pickup_X = -2724.598144
Pickup_Y = -105.532653
Pickup_Z = 4.342578
Interior_X = 2496.219238
Interior_Y = -1693.817260
Interior_Z = 1014.742187
Cijena = 2500000
Interior = 3
Virtual = 449
Zakljucano = 1
