Vlasnik = -/-
Pickup_X = -2721.633300
Pickup_Y = -120.786247
Pickup_Z = 4.335937
Interior_X = 2496.219238
Interior_Y = -1693.817260
Interior_Z = 1014.742187
Cijena = 2500000
Interior = 3
Virtual = 1031
Zakljucano = 1
