Vlasnik = -/-
Pickup_X = -2687.893554
Pickup_Y = -117.898391
Pickup_Z = 4.342578
Interior_X = 2496.219238
Interior_Y = -1693.817260
Interior_Z = 1014.742187
Cijena = 2500000
Interior = 3
Virtual = 995
Zakljucano = 1
