Vlasnik = -/-
Pickup_X = -2723.108398
Pickup_Y = -139.584899
Pickup_Z = 7.203125
Interior_X = 2496.219238
Interior_Y = -1693.817260
Interior_Z = 1014.742187
Cijena = 2500000
Interior = 3
Virtual = 127
Zakljucano = 1
