Vlasnik = -/-
Pickup_X = -2721.408203
Pickup_Y = -146.800109
Pickup_Z = 4.335937
Interior_X = 2496.219238
Interior_Y = -1693.817260
Interior_Z = 1014.742187
Cijena = 2500000
Interior = 3
Virtual = 1474
Zakljucano = 1
