Vlasnik = -/-
Pickup_X = -2724.676513
Pickup_Y = -162.697158
Pickup_Z = 4.342578
Interior_X = 2496.219238
Interior_Y = -1693.817260
Interior_Z = 1014.742187
Cijena = 2500000
Interior = 3
Virtual = 878
Zakljucano = 1
