Vlasnik = -/-
Pickup_X = -2723.330810
Pickup_Y = -166.510177
Pickup_Z = 5.000000
Interior_X = 2496.219238
Interior_Y = -1693.817260
Interior_Z = 1014.742187
Cijena = 2500000
Interior = 3
Virtual = 627
Zakljucano = 1
