Vlasnik = -/-
Pickup_X = -2717.909667
Pickup_Y = -317.699676
Pickup_Z = 7.843750
Interior_X = 234.199996
Interior_Y = 1064.900024
Interior_Z = 1084.199951
Cijena = 5000000
Interior = 6
Virtual = 320
Zakljucano = 1
