Vlasnik = -/-
Pickup_X = -2720.777832
Pickup_Y = -320.583587
Pickup_Z = 7.843750
Interior_X = 234.199996
Interior_Y = 1064.900024
Interior_Z = 1084.199951
Cijena = 5000000
Interior = 6
Virtual = 753
Zakljucano = 1
