Vlasnik = -/-
Pickup_X = -2621.915771
Pickup_Y = -198.152374
Pickup_Z = 4.335937
Interior_X = 2496.219238
Interior_Y = -1693.817260
Interior_Z = 1014.742187
Cijena = 2500000
Interior = 3
Virtual = 721
Zakljucano = 1
