Vlasnik = -/-
Pickup_X = -2590.675781
Pickup_Y = -186.376525
Pickup_Z = 4.323137
Interior_X = 2496.219238
Interior_Y = -1693.817260
Interior_Z = 1014.742187
Cijena = 2500000
Interior = 3
Virtual = 60
Zakljucano = 1
