Vlasnik = -/-
Pickup_X = -2620.920410
Pickup_Y = -185.888076
Pickup_Z = 7.203125
Interior_X = 2496.219238
Interior_Y = -1693.817260
Interior_Z = 1014.742187
Cijena = 2500000
Interior = 3
Virtual = 1287
Zakljucano = 1
