Vlasnik = -/-
Pickup_X = -2590.528564
Pickup_Y = -158.767044
Pickup_Z = 4.328388
Interior_X = 2496.219238
Interior_Y = -1693.817260
Interior_Z = 1014.742187
Cijena = 2500000
Interior = 3
Virtual = 1180
Zakljucano = 1
