Vlasnik = -/-
Pickup_X = 1851.757202
Pickup_Y = -2070.390625
Pickup_Z = 15.481237
Interior_X = 2496.219238
Interior_Y = -1693.817260
Interior_Z = 1014.742187
Cijena = 2500000
Interior = 3
Virtual = 721
Zakljucano = 1
