Vlasnik = -/-
Pickup_X = -2622.211669
Pickup_Y = -169.495162
Pickup_Z = 4.342578
Interior_X = 2496.219238
Interior_Y = -1693.817260
Interior_Z = 1014.742187
Cijena = 2500000
Interior = 3
Virtual = 769
Zakljucano = 1
