Vlasnik = -/-
Pickup_X = -2590.527587
Pickup_Y = -106.029067
Pickup_Z = 4.329685
Interior_X = 2496.219238
Interior_Y = -1693.817260
Interior_Z = 1014.742187
Cijena = 2500000
Interior = 3
Virtual = 994
Zakljucano = 1
