Vlasnik = -/-
Pickup_X = -2590.529296
Pickup_Y = -95.580993
Pickup_Z = 4.324443
Interior_X = 2496.219238
Interior_Y = -1693.817260
Interior_Z = 1014.742187
Cijena = 2500000
Interior = 3
Virtual = 1079
Zakljucano = 1
