Vlasnik = -/-
Pickup_X = -2576.472412
Pickup_Y = -82.904106
Pickup_Z = 6.643682
Interior_X = 2496.219238
Interior_Y = -1693.817260
Interior_Z = 1014.742187
Cijena = 2500000
Interior = 3
Virtual = 604
Zakljucano = 1
