Vlasnik = -/-
Pickup_X = -2558.532470
Pickup_Y = -79.978111
Pickup_Z = 11.690418
Interior_X = 2496.219238
Interior_Y = -1693.817260
Interior_Z = 1014.742187
Cijena = 2500000
Interior = 3
Virtual = 787
Zakljucano = 1
