Vlasnik = -/-
Pickup_X = -2510.872558
Pickup_Y = -84.391952
Pickup_Z = 25.617187
Interior_X = 234.199996
Interior_Y = 1064.900024
Interior_Z = 1084.199951
Cijena = 5000000
Interior = 6
Virtual = 1221
Zakljucano = 1
