Vlasnik = -/-
Pickup_X = -2507.839843
Pickup_Y = 51.145851
Pickup_Z = 25.623983
Interior_X = 2496.219238
Interior_Y = -1693.817260
Interior_Z = 1014.742187
Cijena = 2500000
Interior = 3
Virtual = 387
Zakljucano = 1
