Vlasnik = -/-
Pickup_X = -2552.217529
Pickup_Y = 55.229434
Pickup_Z = 16.421875
Interior_X = 2196.414794
Interior_Y = -1204.106079
Interior_Z = 1049.023437
Cijena = 3500000
Interior = 6
Virtual = 332
Zakljucano = 1
