Vlasnik = -/-
Pickup_X = -2619.464599
Pickup_Y = 67.836250
Pickup_Z = 4.560673
Interior_X = 2496.219238
Interior_Y = -1693.817260
Interior_Z = 1014.742187
Cijena = 2500000
Interior = 3
Virtual = 704
Zakljucano = 1
