Vlasnik = -/-
Pickup_X = -2621.038818
Pickup_Y = 114.853660
Pickup_Z = 5.000000
Interior_X = 2496.219238
Interior_Y = -1693.817260
Interior_Z = 1014.742187
Cijena = 2500000
Interior = 3
Virtual = 1224
Zakljucano = 1
