Vlasnik = -/-
Pickup_X = -2620.693603
Pickup_Y = 120.814506
Pickup_Z = 7.203125
Interior_X = 2496.219238
Interior_Y = -1693.817260
Interior_Z = 1014.742187
Cijena = 2500000
Interior = 3
Virtual = 989
Zakljucano = 1
