Vlasnik = -/-
Pickup_X = -2621.975097
Pickup_Y = 168.649734
Pickup_Z = 7.195312
Interior_X = 2196.414794
Interior_Y = -1204.106079
Interior_Z = 1049.023437
Cijena = 3500000
Interior = 6
Virtual = 1035
Zakljucano = 1
