Vlasnik = -/-
Pickup_X = -2639.399658
Pickup_Y = 168.702941
Pickup_Z = 7.195312
Interior_X = 2496.219238
Interior_Y = -1693.817260
Interior_Z = 1014.742187
Cijena = 2500000
Interior = 3
Virtual = 245
Zakljucano = 1
