Vlasnik = -/-
Pickup_X = -2433.070556
Pickup_Y = 1338.231689
Pickup_Z = 8.507812
Interior_X = 2496.219238
Interior_Y = -1693.817260
Interior_Z = 1014.742187
Cijena = 2500000
Interior = 3
Virtual = 765
Zakljucano = 1
