Vlasnik = -/-
Pickup_X = -2433.749511
Pickup_Y = 1331.777099
Pickup_Z = 10.556980
Interior_X = 2496.219238
Interior_Y = -1693.817260
Interior_Z = 1014.742187
Cijena = 2500000
Interior = 3
Virtual = 1028
Zakljucano = 1
