Vlasnik = -/-
Pickup_X = -2433.751953
Pickup_Y = 1318.575439
Pickup_Z = 13.867187
Interior_X = 2496.219238
Interior_Y = -1693.817260
Interior_Z = 1014.742187
Cijena = 2500000
Interior = 3
Virtual = 1419
Zakljucano = 1
