Vlasnik = -/-
Pickup_X = -2433.049072
Pickup_Y = 1301.129882
Pickup_Z = 18.382812
Interior_X = 2496.219238
Interior_Y = -1693.817260
Interior_Z = 1014.742187
Cijena = 2500000
Interior = 3
Virtual = 608
Zakljucano = 1
