Vlasnik = -/-
Pickup_X = -2433.728271
Pickup_Y = 1294.404541
Pickup_Z = 20.452585
Interior_X = 2496.219238
Interior_Y = -1693.817260
Interior_Z = 1014.742187
Cijena = 2500000
Interior = 3
Virtual = 39
Zakljucano = 1
