Vlasnik = -/-
Pickup_X = -2433.730957
Pickup_Y = 1281.561889
Pickup_Z = 23.742187
Interior_X = 2496.219238
Interior_Y = -1693.817260
Interior_Z = 1014.742187
Cijena = 2500000
Interior = 3
Virtual = 845
Zakljucano = 1
