Vlasnik = -/-
Pickup_X = -2433.993896
Pickup_Y = 1274.174804
Pickup_Z = 25.309362
Interior_X = 2496.219238
Interior_Y = -1693.817260
Interior_Z = 1014.742187
Cijena = 2500000
Interior = 3
Virtual = 156
Zakljucano = 1
