Vlasnik = -/-
Pickup_X = -2433.028564
Pickup_Y = 1264.245727
Pickup_Z = 28.257812
Interior_X = 2496.219238
Interior_Y = -1693.817260
Interior_Z = 1014.742187
Cijena = 2500000
Interior = 3
Virtual = 529
Zakljucano = 1
