Vlasnik = -/-
Pickup_X = -2433.711669
Pickup_Y = 1244.447021
Pickup_Z = 33.617187
Interior_X = 2496.219238
Interior_Y = -1693.817260
Interior_Z = 1014.742187
Cijena = 2500000
Interior = 3
Virtual = 36
Zakljucano = 1
