Vlasnik = -/-
Pickup_X = -2477.246337
Pickup_Y = 1244.626342
Pickup_Z = 33.609375
Interior_X = 2496.219238
Interior_Y = -1693.817260
Interior_Z = 1014.742187
Cijena = 2500000
Interior = 3
Virtual = 1333
Zakljucano = 1
