Vlasnik = -/-
Pickup_X = -2477.250244
Pickup_Y = 1257.286010
Pickup_Z = 30.334224
Interior_X = 2496.219238
Interior_Y = -1693.817260
Interior_Z = 1014.742187
Cijena = 2500000
Interior = 3
Virtual = 39
Zakljucano = 1
