Vlasnik = -/-
Pickup_X = -2477.927490
Pickup_Y = 1264.099121
Pickup_Z = 28.250000
Interior_X = 2496.219238
Interior_Y = -1693.817260
Interior_Z = 1014.742187
Cijena = 2500000
Interior = 3
Virtual = 1006
Zakljucano = 1
