Vlasnik = -/-
Pickup_X = -2477.225830
Pickup_Y = 1281.475830
Pickup_Z = 23.726562
Interior_X = 2496.219238
Interior_Y = -1693.817260
Interior_Z = 1014.742187
Cijena = 2500000
Interior = 3
Virtual = 378
Zakljucano = 1
