Vlasnik = -/-
Pickup_X = -2477.228027
Pickup_Y = 1294.221923
Pickup_Z = 20.444545
Interior_X = 2496.219238
Interior_Y = -1693.817260
Interior_Z = 1014.742187
Cijena = 2500000
Interior = 3
Virtual = 1361
Zakljucano = 1
