Vlasnik = -/-
Pickup_X = -2477.907714
Pickup_Y = 1301.082641
Pickup_Z = 18.375000
Interior_X = 2496.219238
Interior_Y = -1693.817260
Interior_Z = 1014.742187
Cijena = 2500000
Interior = 3
Virtual = 1258
Zakljucano = 1
