Vlasnik = -/-
Pickup_X = -2476.941650
Pickup_Y = 1310.911010
Pickup_Z = 15.410006
Interior_X = 2496.219238
Interior_Y = -1693.817260
Interior_Z = 1014.742187
Cijena = 2500000
Interior = 3
Virtual = 403
Zakljucano = 1
