Vlasnik = -/-
Pickup_X = -2477.204833
Pickup_Y = 1318.459960
Pickup_Z = 13.851562
Interior_X = 2496.219238
Interior_Y = -1693.817260
Interior_Z = 1014.742187
Cijena = 2500000
Interior = 3
Virtual = 133
Zakljucano = 1
