Vlasnik = -/-
Pickup_X = -2477.207763
Pickup_Y = 1331.935791
Pickup_Z = 10.546504
Interior_X = 2496.219238
Interior_Y = -1693.817260
Interior_Z = 1014.742187
Cijena = 2500000
Interior = 3
Virtual = 1484
Zakljucano = 1
