Vlasnik = -/-
Pickup_X = 1894.187866
Pickup_Y = -2133.202392
Pickup_Z = 15.466324
Interior_X = 2496.219238
Interior_Y = -1693.817260
Interior_Z = 1014.742187
Cijena = 2500000
Interior = 3
Virtual = 54
Zakljucano = 1
