Vlasnik = -/-
Pickup_X = -2618.751953
Pickup_Y = 831.068054
Pickup_Z = 49.984375
Interior_X = 2496.219238
Interior_Y = -1693.817260
Interior_Z = 1014.742187
Cijena = 2500000
Interior = 3
Virtual = 189
Zakljucano = 1
