Vlasnik = -/-
Pickup_X = -2593.700439
Pickup_Y = 845.171813
Pickup_Z = 50.592967
Interior_X = 2496.219238
Interior_Y = -1693.817260
Interior_Z = 1014.742187
Cijena = 2500000
Interior = 3
Virtual = 1202
Zakljucano = 1
