Vlasnik = -/-
Pickup_X = -2619.609130
Pickup_Y = 845.111389
Pickup_Z = 50.637420
Interior_X = 2496.219238
Interior_Y = -1693.817260
Interior_Z = 1014.742187
Cijena = 2500000
Interior = 3
Virtual = 1053
Zakljucano = 1
