Vlasnik = -/-
Pickup_X = -2592.798339
Pickup_Y = 855.111755
Pickup_Z = 53.599140
Interior_X = 2496.219238
Interior_Y = -1693.817260
Interior_Z = 1014.742187
Cijena = 2500000
Interior = 3
Virtual = 445
Zakljucano = 1
