Vlasnik = -/-
Pickup_X = -2620.532714
Pickup_Y = 855.184326
Pickup_Z = 53.568695
Interior_X = 2496.219238
Interior_Y = -1693.817260
Interior_Z = 1014.742187
Cijena = 2500000
Interior = 3
Virtual = 968
Zakljucano = 1
