Vlasnik = -/-
Pickup_X = -2593.601806
Pickup_Y = 861.650878
Pickup_Z = 55.640010
Interior_X = 2496.219238
Interior_Y = -1693.817260
Interior_Z = 1014.742187
Cijena = 2500000
Interior = 3
Virtual = 516
Zakljucano = 1
