Vlasnik = -/-
Pickup_X = -2619.869140
Pickup_Y = 861.950866
Pickup_Z = 55.641242
Interior_X = 2496.219238
Interior_Y = -1693.817260
Interior_Z = 1014.742187
Cijena = 2500000
Interior = 3
Virtual = 1232
Zakljucano = 1
