Vlasnik = -/-
Pickup_X = 1872.422851
Pickup_Y = -2132.897949
Pickup_Z = 15.481951
Interior_X = 2196.414794
Interior_Y = -1204.106079
Interior_Z = 1049.023437
Cijena = 3500000
Interior = 6
Virtual = 1285
Zakljucano = 1
