Vlasnik = -/-
Pickup_X = -2619.868896
Pickup_Y = 874.220947
Pickup_Z = 58.921875
Interior_X = 2496.219238
Interior_Y = -1693.817260
Interior_Z = 1014.742187
Cijena = 2500000
Interior = 3
Virtual = 349
Zakljucano = 1
