Vlasnik = -/-
Pickup_X = -2593.417236
Pickup_Y = 874.817871
Pickup_Z = 58.921875
Interior_X = 2496.219238
Interior_Y = -1693.817260
Interior_Z = 1014.742187
Cijena = 2500000
Interior = 3
Virtual = 1456
Zakljucano = 1
