Vlasnik = -/-
Pickup_X = -2620.234619
Pickup_Y = 883.209838
Pickup_Z = 63.250000
Interior_X = 2496.219238
Interior_Y = -1693.817260
Interior_Z = 1014.742187
Cijena = 2500000
Interior = 3
Virtual = 1045
Zakljucano = 1
