Vlasnik = -/-
Pickup_X = -2641.085937
Pickup_Y = 935.720092
Pickup_Z = 71.953125
Interior_X = 234.199996
Interior_Y = 1064.900024
Interior_Z = 1084.199951
Cijena = 5000000
Interior = 6
Virtual = 1390
Zakljucano = 1
