Vlasnik = -/-
Pickup_X = -2671.081298
Pickup_Y = 927.589050
Pickup_Z = 79.703125
Interior_X = 234.199996
Interior_Y = 1064.900024
Interior_Z = 1084.199951
Cijena = 5000000
Interior = 6
Virtual = 126
Zakljucano = 1
