Vlasnik = -/-
Pickup_X = -2710.777587
Pickup_Y = 967.563720
Pickup_Z = 54.460937
Interior_X = 234.199996
Interior_Y = 1064.900024
Interior_Z = 1084.199951
Cijena = 5000000
Interior = 6
Virtual = 502
Zakljucano = 1
