Vlasnik = -/-
Pickup_X = -2597.325439
Pickup_Y = 979.648742
Pickup_Z = 78.273437
Interior_X = 2496.219238
Interior_Y = -1693.817260
Interior_Z = 1014.742187
Cijena = 2500000
Interior = 3
Virtual = 1026
Zakljucano = 1
