Vlasnik = -/-
Pickup_X = -2597.613281
Pickup_Y = 969.373535
Pickup_Z = 78.283203
Interior_X = 2496.219238
Interior_Y = -1693.817260
Interior_Z = 1014.742187
Cijena = 2500000
Interior = 3
Virtual = 296
Zakljucano = 1
