Vlasnik = -/-
Pickup_X = -2591.168212
Pickup_Y = 960.661865
Pickup_Z = 78.453125
Interior_X = 2496.219238
Interior_Y = -1693.817260
Interior_Z = 1014.742187
Cijena = 2500000
Interior = 3
Virtual = 152
Zakljucano = 1
