Vlasnik = -/-
Pickup_X = -2591.168701
Pickup_Y = 948.638549
Pickup_Z = 74.458610
Interior_X = 2496.219238
Interior_Y = -1693.817260
Interior_Z = 1014.742187
Cijena = 2500000
Interior = 3
Virtual = 351
Zakljucano = 1
