Vlasnik = -/-
Pickup_X = -2591.169921
Pickup_Y = 935.941955
Pickup_Z = 68.929687
Interior_X = 2196.414794
Interior_Y = -1204.106079
Interior_Z = 1049.023437
Cijena = 3500000
Interior = 6
Virtual = 1313
Zakljucano = 1
