Vlasnik = -/-
Pickup_X = -2591.169677
Pickup_Y = 927.872863
Pickup_Z = 65.015625
Interior_X = 2496.219238
Interior_Y = -1693.817260
Interior_Z = 1014.742187
Cijena = 2500000
Interior = 3
Virtual = 578
Zakljucano = 1
