Vlasnik = -/-
Pickup_X = -2382.394775
Pickup_Y = 1226.291259
Pickup_Z = 33.079822
Interior_X = 2496.219238
Interior_Y = -1693.817260
Interior_Z = 1014.742187
Cijena = 2500000
Interior = 3
Virtual = 1363
Zakljucano = 1
