Vlasnik = -/-
Pickup_X = -2383.130371
Pickup_Y = 1244.569824
Pickup_Z = 29.685070
Interior_X = 2496.219238
Interior_Y = -1693.817260
Interior_Z = 1014.742187
Cijena = 2500000
Interior = 3
Virtual = 353
Zakljucano = 1
