Vlasnik = -/-
Pickup_X = -2383.107666
Pickup_Y = 1262.988525
Pickup_Z = 26.330207
Interior_X = 2496.219238
Interior_Y = -1693.817260
Interior_Z = 1014.742187
Cijena = 2500000
Interior = 3
Virtual = 1275
Zakljucano = 1
