Vlasnik = -/-
Pickup_X = -2382.987060
Pickup_Y = 1281.144165
Pickup_Z = 22.962207
Interior_X = 2496.219238
Interior_Y = -1693.817260
Interior_Z = 1014.742187
Cijena = 2500000
Interior = 3
Virtual = 855
Zakljucano = 1
