Vlasnik = -/-
Pickup_X = 1695.566284
Pickup_Y = -2125.835205
Pickup_Z = 13.810076
Interior_X = 2196.414794
Interior_Y = -1204.106079
Interior_Z = 1049.023437
Cijena = 3500000
Interior = 6
Virtual = 1082
Zakljucano = 1
