Vlasnik = -/-
Pickup_X = 1938.394042
Pickup_Y = -1911.333618
Pickup_Z = 15.256797
Interior_X = 2196.414794
Interior_Y = -1204.106079
Interior_Z = 1049.023437
Cijena = 3500000
Interior = 6
Virtual = 1275
Zakljucano = 1
