Vlasnik = -/-
Pickup_X = -2383.140380
Pickup_Y = 1299.650512
Pickup_Z = 19.599506
Interior_X = 2496.219238
Interior_Y = -1693.817260
Interior_Z = 1014.742187
Cijena = 2500000
Interior = 3
Virtual = 288
Zakljucano = 1
