Vlasnik = -/-
Pickup_X = -2383.046386
Pickup_Y = 1317.987304
Pickup_Z = 16.235240
Interior_X = 2496.219238
Interior_Y = -1693.817260
Interior_Z = 1014.742187
Cijena = 2500000
Interior = 3
Virtual = 151
Zakljucano = 1
