Vlasnik = -/-
Pickup_X = -2383.141357
Pickup_Y = 1336.270263
Pickup_Z = 12.806760
Interior_X = 2496.219238
Interior_Y = -1693.817260
Interior_Z = 1014.742187
Cijena = 2500000
Interior = 3
Virtual = 982
Zakljucano = 1
