Vlasnik = -/-
Pickup_X = -2351.163574
Pickup_Y = 1336.450195
Pickup_Z = 12.786247
Interior_X = 2496.219238
Interior_Y = -1693.817260
Interior_Z = 1014.742187
Cijena = 2500000
Interior = 3
Virtual = 861
Zakljucano = 1
