Vlasnik = -/-
Pickup_X = -2351.135742
Pickup_Y = 1318.064575
Pickup_Z = 16.225376
Interior_X = 2496.219238
Interior_Y = -1693.817260
Interior_Z = 1014.742187
Cijena = 2500000
Interior = 3
Virtual = 301
Zakljucano = 1
