Vlasnik = -/-
Pickup_X = -2351.136962
Pickup_Y = 1262.995971
Pickup_Z = 26.317247
Interior_X = 2496.219238
Interior_Y = -1693.817260
Interior_Z = 1014.742187
Cijena = 2500000
Interior = 3
Virtual = 1018
Zakljucano = 1
