Vlasnik = -/-
Pickup_X = -2351.136718
Pickup_Y = 1244.625854
Pickup_Z = 29.679100
Interior_X = 2496.219238
Interior_Y = -1693.817260
Interior_Z = 1014.742187
Cijena = 2500000
Interior = 3
Virtual = 1498
Zakljucano = 1
