Vlasnik = -/-
Pickup_X = -2351.482910
Pickup_Y = 1226.639404
Pickup_Z = 33.049003
Interior_X = 2496.219238
Interior_Y = -1693.817260
Interior_Z = 1014.742187
Cijena = 2500000
Interior = 3
Virtual = 1000
Zakljucano = 1
