Vlasnik = -/-
Pickup_X = 1928.633911
Pickup_Y = -1915.980590
Pickup_Z = 15.256797
Interior_X = 2496.219238
Interior_Y = -1693.817260
Interior_Z = 1014.742187
Cijena = 2500000
Interior = 3
Virtual = 385
Zakljucano = 1
