Vlasnik = -/-
Pickup_X = -2018.299438
Pickup_Y = 1016.937744
Pickup_Z = 53.866550
Interior_X = 2496.219238
Interior_Y = -1693.817260
Interior_Z = 1014.742187
Cijena = 2500000
Interior = 3
Virtual = 414
Zakljucano = 1
