Vlasnik = -/-
Pickup_X = -2018.291259
Pickup_Y = 982.571350
Pickup_Z = 47.686103
Interior_X = 2496.219238
Interior_Y = -1693.817260
Interior_Z = 1014.742187
Cijena = 2500000
Interior = 3
Virtual = 711
Zakljucano = 1
