Vlasnik = -/-
Pickup_X = -1880.715454
Pickup_Y = 822.440063
Pickup_Z = 35.177795
Interior_X = 234.199996
Interior_Y = 1064.900024
Interior_Z = 1084.199951
Cijena = 5000000
Interior = 6
Virtual = 251
Zakljucano = 1
