Vlasnik = -/-
Pickup_X = -1884.533935
Pickup_Y = 716.532043
Pickup_Z = 45.450569
Interior_X = 234.199996
Interior_Y = 1064.900024
Interior_Z = 1084.199951
Cijena = 5000000
Interior = 6
Virtual = 223
Zakljucano = 1
