Vlasnik = -/-
Pickup_X = -1933.696044
Pickup_Y = 620.474182
Pickup_Z = 35.171875
Interior_X = 2196.414794
Interior_Y = -1204.106079
Interior_Z = 1049.023437
Cijena = 3500000
Interior = 6
Virtual = 1272
Zakljucano = 1
