Vlasnik = -/-
Pickup_X = 1913.337158
Pickup_Y = -1912.452636
Pickup_Z = 15.256797
Interior_X = 2496.219238
Interior_Y = -1693.817260
Interior_Z = 1014.742187
Cijena = 2500000
Interior = 3
Virtual = 224
Zakljucano = 1
