Vlasnik = -/-
Pickup_X = -2320.023925
Pickup_Y = 579.832580
Pickup_Z = 31.087417
Interior_X = 2496.219238
Interior_Y = -1693.817260
Interior_Z = 1014.742187
Cijena = 2500000
Interior = 3
Virtual = 1450
Zakljucano = 1
