Vlasnik = -/-
Pickup_X = -2338.318115
Pickup_Y = 580.007995
Pickup_Z = 27.764751
Interior_X = 2496.219238
Interior_Y = -1693.817260
Interior_Z = 1014.742187
Cijena = 2500000
Interior = 3
Virtual = 658
Zakljucano = 1
