Vlasnik = -/-
Pickup_X = -2356.810302
Pickup_Y = 580.035705
Pickup_Z = 24.890625
Interior_X = 2496.219238
Interior_Y = -1693.817260
Interior_Z = 1014.742187
Cijena = 2500000
Interior = 3
Virtual = 639
Zakljucano = 1
