Vlasnik = -/-
Pickup_X = -2408.421630
Pickup_Y = 725.076904
Pickup_Z = 35.171875
Interior_X = 2496.219238
Interior_Y = -1693.817260
Interior_Z = 1014.742187
Cijena = 2500000
Interior = 3
Virtual = 412
Zakljucano = 1
