Vlasnik = -/-
Pickup_X = -2358.391601
Pickup_Y = 679.796508
Pickup_Z = 35.164062
Interior_X = 2496.219238
Interior_Y = -1693.817260
Interior_Z = 1014.742187
Cijena = 2500000
Interior = 3
Virtual = 575
Zakljucano = 1
