Vlasnik = -/-
Pickup_X = -2339.512939
Pickup_Y = 679.848510
Pickup_Z = 38.391441
Interior_X = 2496.219238
Interior_Y = -1693.817260
Interior_Z = 1014.742187
Cijena = 2500000
Interior = 3
Virtual = 334
Zakljucano = 1
