Vlasnik = -/-
Pickup_X = -2339.868408
Pickup_Y = 656.734985
Pickup_Z = 38.388164
Interior_X = 2496.219238
Interior_Y = -1693.817260
Interior_Z = 1014.742187
Cijena = 2500000
Interior = 3
Virtual = 732
Zakljucano = 1
