Vlasnik = -/-
Pickup_X = -2322.461181
Pickup_Y = 657.441162
Pickup_Z = 41.800090
Interior_X = 2496.219238
Interior_Y = -1693.817260
Interior_Z = 1014.742187
Cijena = 2500000
Interior = 3
Virtual = 1358
Zakljucano = 1
