Vlasnik = -/-
Pickup_X = -2321.937988
Pickup_Y = 679.961730
Pickup_Z = 41.977920
Interior_X = 2496.219238
Interior_Y = -1693.817260
Interior_Z = 1014.742187
Cijena = 2500000
Interior = 3
Virtual = 388
Zakljucano = 1
