Vlasnik = -/-
Pickup_X = -2303.427246
Pickup_Y = 656.736022
Pickup_Z = 45.332069
Interior_X = 2496.219238
Interior_Y = -1693.817260
Interior_Z = 1014.742187
Cijena = 2500000
Interior = 3
Virtual = 1382
Zakljucano = 1
