Vlasnik = -/-
Pickup_X = -2293.619140
Pickup_Y = 730.832702
Pickup_Z = 49.443515
Interior_X = 2496.219238
Interior_Y = -1693.817260
Interior_Z = 1014.742187
Cijena = 2500000
Interior = 3
Virtual = 233
Zakljucano = 1
