Vlasnik = -/-
Pickup_X = -2340.900390
Pickup_Y = 730.941528
Pickup_Z = 42.961372
Interior_X = 2496.219238
Interior_Y = -1693.817260
Interior_Z = 1014.742187
Cijena = 2500000
Interior = 3
Virtual = 1343
Zakljucano = 1
