Vlasnik = -/-
Pickup_X = -2359.042480
Pickup_Y = 730.940917
Pickup_Z = 38.704154
Interior_X = 2496.219238
Interior_Y = -1693.817260
Interior_Z = 1014.742187
Cijena = 2500000
Interior = 3
Virtual = 1158
Zakljucano = 1
