Vlasnik = -/-
Pickup_X = 1149.552856
Pickup_Y = -1862.480834
Pickup_Z = 13.772918
Interior_X = 2496.219238
Interior_Y = -1693.817260
Interior_Z = 1014.742187
Cijena = 2500000
Interior = 3
Virtual = 728
Zakljucano = 1
