Vlasnik = -/-
Pickup_X = 1872.279785
Pickup_Y = -1911.785278
Pickup_Z = 15.256797
Interior_X = 2196.414794
Interior_Y = -1204.106079
Interior_Z = 1049.023437
Cijena = 3500000
Interior = 6
Virtual = 1005
Zakljucano = 1
