Vlasnik = -/-
Pickup_X = 1174.465942
Pickup_Y = -1860.983032
Pickup_Z = 13.545516
Interior_X = 2496.219238
Interior_Y = -1693.817260
Interior_Z = 1014.742187
Cijena = 2500000
Interior = 3
Virtual = 51
Zakljucano = 1
