Vlasnik = -/-
Pickup_X = 1189.741943
Pickup_Y = -1860.987548
Pickup_Z = 13.545495
Interior_X = 2496.219238
Interior_Y = -1693.817260
Interior_Z = 1014.742187
Cijena = 2500000
Interior = 3
Virtual = 652
Zakljucano = 1
