Vlasnik = -/-
Pickup_X = 1198.220825
Pickup_Y = -1861.616943
Pickup_Z = 13.542575
Interior_X = 2496.219238
Interior_Y = -1693.817260
Interior_Z = 1014.742187
Cijena = 2500000
Interior = 3
Virtual = 1225
Zakljucano = 1
