Vlasnik = -/-
Pickup_X = 1202.084472
Pickup_Y = -1861.617431
Pickup_Z = 13.545967
Interior_X = 2496.219238
Interior_Y = -1693.817260
Interior_Z = 1014.742187
Cijena = 2500000
Interior = 3
Virtual = 1066
Zakljucano = 1
