Vlasnik = -/-
Pickup_X = 1253.220214
Pickup_Y = -1861.139770
Pickup_Z = 13.546875
Interior_X = 2196.414794
Interior_Y = -1204.106079
Interior_Z = 1049.023437
Cijena = 3500000
Interior = 6
Virtual = 109
Zakljucano = 1
