Vlasnik = -/-
Pickup_X = 1271.085571
Pickup_Y = -1861.160766
Pickup_Z = 13.546875
Interior_X = 2496.219238
Interior_Y = -1693.817260
Interior_Z = 1014.742187
Cijena = 2500000
Interior = 3
Virtual = 946
Zakljucano = 1
