Vlasnik = -/-
Pickup_X = 1969.179687
Pickup_Y = -1705.436645
Pickup_Z = 15.968750
Interior_X = 2496.219238
Interior_Y = -1693.817260
Interior_Z = 1014.742187
Cijena = 2500000
Interior = 3
Virtual = 499
Zakljucano = 1
