Vlasnik = -/-
Pickup_X = 1285.709472
Pickup_Y = -1861.322753
Pickup_Z = 13.539077
Interior_X = 2496.219238
Interior_Y = -1693.817260
Interior_Z = 1014.742187
Cijena = 2500000
Interior = 3
Virtual = 1223
Zakljucano = 1
