Vlasnik = -/-
Pickup_X = 1219.251220
Pickup_Y = -1811.870483
Pickup_Z = 16.593750
Interior_X = 234.199996
Interior_Y = 1064.900024
Interior_Z = 1084.199951
Cijena = 5000000
Interior = 6
Virtual = 685
Zakljucano = 1
