Vlasnik = -/-
Pickup_X = 1325.110717
Pickup_Y = -1708.955200
Pickup_Z = 13.539485
Interior_X = 2496.219238
Interior_Y = -1693.817260
Interior_Z = 1014.742187
Cijena = 2500000
Interior = 3
Virtual = 1044
Zakljucano = 1
