Vlasnik = -/-
Pickup_X = 1973.438110
Pickup_Y = -1705.142944
Pickup_Z = 15.968750
Interior_X = 2196.414794
Interior_Y = -1204.106079
Interior_Z = 1049.023437
Cijena = 3500000
Interior = 6
Virtual = 1215
Zakljucano = 1
