Vlasnik = -/-
Pickup_X = 1310.031494
Pickup_Y = -1366.796020
Pickup_Z = 13.506223
Interior_X = 234.199996
Interior_Y = 1064.900024
Interior_Z = 1084.199951
Cijena = 5000000
Interior = 6
Virtual = 697
Zakljucano = 1
