Vlasnik = -/-
Pickup_X = 1183.750610
Pickup_Y = -1258.409545
Pickup_Z = 15.179687
Interior_X = 234.199996
Interior_Y = 1064.900024
Interior_Z = 1084.199951
Cijena = 5000000
Interior = 6
Virtual = 669
Zakljucano = 1
