Vlasnik = -/-
Pickup_X = 1091.925170
Pickup_Y = -1123.908691
Pickup_Z = 24.032199
Interior_X = 2196.414794
Interior_Y = -1204.106079
Interior_Z = 1049.023437
Cijena = 3500000
Interior = 6
Virtual = 1103
Zakljucano = 1
