Vlasnik = -/-
Pickup_X = 1102.263671
Pickup_Y = -1131.782592
Pickup_Z = 23.828125
Interior_X = 2196.414794
Interior_Y = -1204.106079
Interior_Z = 1049.023437
Cijena = 3500000
Interior = 6
Virtual = 1291
Zakljucano = 1
