Vlasnik = -/-
Pickup_X = 1122.977050
Pickup_Y = -1127.396972
Pickup_Z = 23.804687
Interior_X = 234.199996
Interior_Y = 1064.900024
Interior_Z = 1084.199951
Cijena = 5000000
Interior = 6
Virtual = 654
Zakljucano = 1
