Vlasnik = -/-
Pickup_X = 1183.475463
Pickup_Y = -1099.093017
Pickup_Z = 28.257812
Interior_X = 2196.414794
Interior_Y = -1204.106079
Interior_Z = 1049.023437
Cijena = 3500000
Interior = 6
Virtual = 806
Zakljucano = 1
