Vlasnik = -/-
Pickup_X = 1142.120727
Pickup_Y = -1093.117553
Pickup_Z = 28.187500
Interior_X = 2496.219238
Interior_Y = -1693.817260
Interior_Z = 1014.742187
Cijena = 2500000
Interior = 3
Virtual = 62
Zakljucano = 1
