Vlasnik = -/-
Pickup_X = 1183.470214
Pickup_Y = -1076.347656
Pickup_Z = 31.678918
Interior_X = 2196.414794
Interior_Y = -1204.106079
Interior_Z = 1049.023437
Cijena = 3500000
Interior = 6
Virtual = 190
Zakljucano = 1
