Vlasnik = -/-
Pickup_X = 1141.805419
Pickup_Y = -1070.116699
Pickup_Z = 31.765625
Interior_X = 2196.414794
Interior_Y = -1204.106079
Interior_Z = 1049.023437
Cijena = 3500000
Interior = 6
Virtual = 542
Zakljucano = 1
