Vlasnik = -/-
Pickup_X = 1128.034545
Pickup_Y = -1022.522338
Pickup_Z = 34.992187
Interior_X = 234.199996
Interior_Y = 1064.900024
Interior_Z = 1084.199951
Cijena = 5000000
Interior = 6
Virtual = 1006
Zakljucano = 1
