Vlasnik = -/-
Pickup_X = 1118.189208
Pickup_Y = -1021.171936
Pickup_Z = 34.992187
Interior_X = 234.199996
Interior_Y = 1064.900024
Interior_Z = 1084.199951
Cijena = 5000000
Interior = 6
Virtual = 418
Zakljucano = 1
