Vlasnik = -/-
Pickup_X = 1103.388305
Pickup_Y = -1069.254882
Pickup_Z = 31.889856
Interior_X = 2196.414794
Interior_Y = -1204.106079
Interior_Z = 1049.023437
Cijena = 3500000
Interior = 6
Virtual = 1165
Zakljucano = 1
