Vlasnik = -/-
Pickup_X = 1103.405883
Pickup_Y = -1092.152465
Pickup_Z = 28.468750
Interior_X = 2496.219238
Interior_Y = -1693.817260
Interior_Z = 1014.742187
Cijena = 2500000
Interior = 3
Virtual = 946
Zakljucano = 1
