Vlasnik = -/-
Pickup_X = 1059.231567
Pickup_Y = -1105.332641
Pickup_Z = 28.045097
Interior_X = 2196.414794
Interior_Y = -1204.106079
Interior_Z = 1049.023437
Cijena = 3500000
Interior = 6
Virtual = 1272
Zakljucano = 1
