Vlasnik = -/-
Pickup_X = 1073.011474
Pickup_Y = -1118.796997
Pickup_Z = 24.178285
Interior_X = 2496.219238
Interior_Y = -1693.817260
Interior_Z = 1014.742187
Cijena = 2500000
Interior = 3
Virtual = 218
Zakljucano = 1
