Vlasnik = -/-
Pickup_X = 1046.359008
Pickup_Y = -942.473999
Pickup_Z = 42.855674
Interior_X = 2196.414794
Interior_Y = -1204.106079
Interior_Z = 1049.023437
Cijena = 3500000
Interior = 6
Virtual = 1050
Zakljucano = 1
