Vlasnik = -/-
Pickup_X = 1041.442993
Pickup_Y = -943.218688
Pickup_Z = 42.818458
Interior_X = 2196.414794
Interior_Y = -1204.106079
Interior_Z = 1049.023437
Cijena = 3500000
Interior = 6
Virtual = 669
Zakljucano = 1
