Vlasnik = -/-
Pickup_X = 1031.738037
Pickup_Y = -944.838806
Pickup_Z = 42.634777
Interior_X = 2196.414794
Interior_Y = -1204.106079
Interior_Z = 1049.023437
Cijena = 3500000
Interior = 6
Virtual = 151
Zakljucano = 1
