Vlasnik = -/-
Pickup_X = 2015.894042
Pickup_Y = -1716.881958
Pickup_Z = 14.024436
Interior_X = 2196.414794
Interior_Y = -1204.106079
Interior_Z = 1049.023437
Cijena = 3500000
Interior = 6
Virtual = 1328
Zakljucano = 1
