Vlasnik = -/-
Pickup_X = 948.499084
Pickup_Y = -917.220153
Pickup_Z = 45.010715
Interior_X = 234.199996
Interior_Y = 1064.900024
Interior_Z = 1084.199951
Cijena = 5000000
Interior = 6
Virtual = 586
Zakljucano = 1
