Vlasnik = -/-
Pickup_X = 908.396606
Pickup_Y = -918.331237
Pickup_Z = 42.601562
Interior_X = 234.199996
Interior_Y = 1064.900024
Interior_Z = 1084.199951
Cijena = 5000000
Interior = 6
Virtual = 189
Zakljucano = 1
