Vlasnik = -/-
Pickup_X = 827.803588
Pickup_Y = -857.987426
Pickup_Z = 70.330810
Interior_X = 234.199996
Interior_Y = 1064.900024
Interior_Z = 1084.199951
Cijena = 5000000
Interior = 6
Virtual = 300
Zakljucano = 1
