Vlasnik = -/-
Pickup_X = 836.048950
Pickup_Y = -894.703796
Pickup_Z = 68.768898
Interior_X = 234.199996
Interior_Y = 1064.900024
Interior_Z = 1084.199951
Cijena = 5000000
Interior = 6
Virtual = 145
Zakljucano = 1
