Vlasnik = -/-
Pickup_X = 874.779235
Pickup_Y = -877.040954
Pickup_Z = 77.801673
Interior_X = 234.199996
Interior_Y = 1064.900024
Interior_Z = 1084.199951
Cijena = 5000000
Interior = 6
Virtual = 1002
Zakljucano = 1
