Vlasnik = -/-
Pickup_X = 858.669921
Pickup_Y = -828.263305
Pickup_Z = 89.501670
Interior_X = 234.199996
Interior_Y = 1064.900024
Interior_Z = 1084.199951
Cijena = 5000000
Interior = 6
Virtual = 895
Zakljucano = 1
