Vlasnik = -/-
Pickup_X = 924.027465
Pickup_Y = -853.430541
Pickup_Z = 93.456520
Interior_X = 234.199996
Interior_Y = 1064.900024
Interior_Z = 1084.199951
Cijena = 5000000
Interior = 6
Virtual = 232
Zakljucano = 1
