Vlasnik = -/-
Pickup_X = 937.854431
Pickup_Y = -848.721313
Pickup_Z = 93.577140
Interior_X = 234.199996
Interior_Y = 1064.900024
Interior_Z = 1084.199951
Cijena = 5000000
Interior = 6
Virtual = 891
Zakljucano = 1
