Vlasnik = -/-
Pickup_X = 989.873901
Pickup_Y = -828.617431
Pickup_Z = 95.468574
Interior_X = 234.199996
Interior_Y = 1064.900024
Interior_Z = 1084.199951
Cijena = 5000000
Interior = 6
Virtual = 1347
Zakljucano = 1
