Vlasnik = -/-
Pickup_X = 1034.854492
Pickup_Y = -813.168823
Pickup_Z = 101.851562
Interior_X = 234.199996
Interior_Y = 1064.900024
Interior_Z = 1084.199951
Cijena = 5000000
Interior = 6
Virtual = 583
Zakljucano = 1
