Vlasnik = -/-
Pickup_X = 2018.237060
Pickup_Y = -1703.381958
Pickup_Z = 14.234375
Interior_X = 2496.219238
Interior_Y = -1693.817260
Interior_Z = 1014.742187
Cijena = 2500000
Interior = 3
Virtual = 1476
Zakljucano = 1
