Vlasnik = -/-
Pickup_X = 1016.682556
Pickup_Y = -763.362182
Pickup_Z = 112.563018
Interior_X = 234.199996
Interior_Y = 1064.900024
Interior_Z = 1084.199951
Cijena = 5000000
Interior = 6
Virtual = 972
Zakljucano = 1
