Vlasnik = -/-
Pickup_X = 1094.322753
Pickup_Y = -807.081909
Pickup_Z = 107.416893
Interior_X = 234.199996
Interior_Y = 1064.900024
Interior_Z = 1084.199951
Cijena = 5000000
Interior = 6
Virtual = 887
Zakljucano = 1
