Vlasnik = -/-
Pickup_X = 1259.417114
Pickup_Y = -785.403747
Pickup_Z = 92.031250
Interior_X = 234.199996
Interior_Y = 1064.900024
Interior_Z = 1084.199951
Cijena = 5000000
Interior = 6
Virtual = 1492
Zakljucano = 1
