Vlasnik = -/-
Pickup_X = 1332.110107
Pickup_Y = -633.506164
Pickup_Z = 109.134902
Interior_X = 234.199996
Interior_Y = 1064.900024
Interior_Z = 1084.199951
Cijena = 5000000
Interior = 6
Virtual = 579
Zakljucano = 1
