Vlasnik = -/-
Pickup_X = 2367.341308
Pickup_Y = -48.894214
Pickup_Z = 28.153547
Interior_X = 2196.414794
Interior_Y = -1204.106079
Interior_Z = 1049.023437
Cijena = 3500000
Interior = 6
Virtual = 37
Zakljucano = 1
