Vlasnik = -/-
Pickup_X = 2383.764404
Pickup_Y = -54.257728
Pickup_Z = 28.153551
Interior_X = 2496.219238
Interior_Y = -1693.817260
Interior_Z = 1014.742187
Cijena = 2500000
Interior = 3
Virtual = 303
Zakljucano = 1
