Vlasnik = -/-
Pickup_X = 2392.624023
Pickup_Y = -54.383102
Pickup_Z = 28.153551
Interior_X = 2196.414794
Interior_Y = -1204.106079
Interior_Z = 1049.023437
Cijena = 3500000
Interior = 6
Virtual = 1420
Zakljucano = 1
