Vlasnik = -/-
Pickup_X = 2415.549316
Pickup_Y = -51.822250
Pickup_Z = 28.153547
Interior_X = 2196.414794
Interior_Y = -1204.106079
Interior_Z = 1049.023437
Cijena = 3500000
Interior = 6
Virtual = 197
Zakljucano = 1
