Vlasnik = -/-
Pickup_X = 2442.864013
Pickup_Y = -3.773377
Pickup_Z = 27.683458
Interior_X = 2196.414794
Interior_Y = -1204.106079
Interior_Z = 1049.023437
Cijena = 3500000
Interior = 6
Virtual = 1375
Zakljucano = 1
