Vlasnik = -/-
Pickup_X = 1980.564208
Pickup_Y = -1718.827270
Pickup_Z = 17.030185
Interior_X = 234.199996
Interior_Y = 1064.900024
Interior_Z = 1084.199951
Cijena = 5000000
Interior = 6
Virtual = 1346
Zakljucano = 1
