Vlasnik = -/-
Pickup_X = 2448.599853
Pickup_Y = -11.123929
Pickup_Z = 27.683458
Interior_X = 2496.219238
Interior_Y = -1693.817260
Interior_Z = 1014.742187
Cijena = 2500000
Interior = 3
Virtual = 1331
Zakljucano = 1
