Vlasnik = -/-
Pickup_X = 2484.457763
Pickup_Y = -28.403329
Pickup_Z = 28.441642
Interior_X = 2496.219238
Interior_Y = -1693.817260
Interior_Z = 1014.742187
Cijena = 2500000
Interior = 3
Virtual = 306
Zakljucano = 1
