Vlasnik = -/-
Pickup_X = 2513.545654
Pickup_Y = -28.402471
Pickup_Z = 28.441644
Interior_X = 2496.219238
Interior_Y = -1693.817260
Interior_Z = 1014.742187
Cijena = 2500000
Interior = 3
Virtual = 457
Zakljucano = 1
