Vlasnik = -/-
Pickup_X = 2509.560302
Pickup_Y = 11.762036
Pickup_Z = 28.441644
Interior_X = 2496.219238
Interior_Y = -1693.817260
Interior_Z = 1014.742187
Cijena = 2500000
Interior = 3
Virtual = 312
Zakljucano = 1
