Vlasnik = -/-
Pickup_X = 2551.221191
Pickup_Y = -5.323614
Pickup_Z = 27.675647
Interior_X = 2496.219238
Interior_Y = -1693.817260
Interior_Z = 1014.742187
Cijena = 2500000
Interior = 3
Virtual = 135
Zakljucano = 1
