Vlasnik = -/-
Pickup_X = 2549.140380
Pickup_Y = 25.106016
Pickup_Z = 27.675647
Interior_X = 234.199996
Interior_Y = 1064.900024
Interior_Z = 1084.199951
Cijena = 5000000
Interior = 6
Virtual = 1007
Zakljucano = 1
