Vlasnik = -/-
Pickup_X = 2551.221435
Pickup_Y = 57.078990
Pickup_Z = 27.675645
Interior_X = 2196.414794
Interior_Y = -1204.106079
Interior_Z = 1049.023437
Cijena = 3500000
Interior = 6
Virtual = 808
Zakljucano = 1
