Vlasnik = -/-
Pickup_X = 2551.222412
Pickup_Y = 91.678352
Pickup_Z = 27.675647
Interior_X = 2196.414794
Interior_Y = -1204.106079
Interior_Z = 1049.023437
Cijena = 3500000
Interior = 6
Virtual = 545
Zakljucano = 1
