Vlasnik = -/-
Pickup_X = 2536.379882
Pickup_Y = 128.987594
Pickup_Z = 27.683460
Interior_X = 2496.219238
Interior_Y = -1693.817260
Interior_Z = 1014.742187
Cijena = 2500000
Interior = 3
Virtual = 872
Zakljucano = 1
