Vlasnik = -/-
Pickup_X = 2518.538574
Pickup_Y = 128.986495
Pickup_Z = 27.675645
Interior_X = 2196.414794
Interior_Y = -1204.106079
Interior_Z = 1049.023437
Cijena = 3500000
Interior = 6
Virtual = 1373
Zakljucano = 1
