Vlasnik = -/-
Pickup_X = 1975.253540
Pickup_Y = -1671.640136
Pickup_Z = 15.968750
Interior_X = 234.199996
Interior_Y = 1064.900024
Interior_Z = 1084.199951
Cijena = 5000000
Interior = 6
Virtual = 748
Zakljucano = 1
