Vlasnik = -/-
Pickup_X = 2480.603271
Pickup_Y = 126.994300
Pickup_Z = 27.675647
Interior_X = 234.199996
Interior_Y = 1064.900024
Interior_Z = 1084.199951
Cijena = 5000000
Interior = 6
Virtual = 1163
Zakljucano = 1
