Vlasnik = -/-
Pickup_X = 2458.530761
Pickup_Y = 128.987289
Pickup_Z = 27.675647
Interior_X = 2196.414794
Interior_Y = -1204.106079
Interior_Z = 1049.023437
Cijena = 3500000
Interior = 6
Virtual = 515
Zakljucano = 1
