Vlasnik = -/-
Pickup_X = 2443.846679
Pickup_Y = 91.946975
Pickup_Z = 28.441644
Interior_X = 2196.414794
Interior_Y = -1204.106079
Interior_Z = 1049.023437
Cijena = 3500000
Interior = 6
Virtual = 1444
Zakljucano = 1
