Vlasnik = -/-
Pickup_X = 2443.301513
Pickup_Y = 61.761440
Pickup_Z = 28.441642
Interior_X = 2196.414794
Interior_Y = -1204.106079
Interior_Z = 1049.023437
Cijena = 3500000
Interior = 6
Virtual = 981
Zakljucano = 1
