Vlasnik = -/-
Pickup_X = -314.060882
Pickup_Y = 1774.742431
Pickup_Z = 43.640625
Interior_X = 234.199996
Interior_Y = 1064.900024
Interior_Z = 1084.199951
Cijena = 5000000
Interior = 6
Virtual = 1127
Zakljucano = 1
