Vlasnik = Slay
Pickup_X = -92.678672
Pickup_Y = 970.128784
Pickup_Z = 19.978176
Interior_X = 2196.414794
Interior_Y = -1204.106079
Interior_Z = 1049.023437
Cijena = 3500000
Interior = 6
Virtual = 926
Zakljucano = 1
