Vlasnik = -/-
Pickup_X = 1124.288208
Pickup_Y = -1861.315429
Pickup_Z = 13.552156
Interior_X = 2496.219238
Interior_Y = -1693.817260
Interior_Z = 1014.742187
Cijena = 2500000
Interior = 3
Virtual = 1181
Zakljucano = 1
