Vlasnik = -/-
Pickup_X = 1119.502685
Pickup_Y = -1861.526245
Pickup_Z = 13.552465
Interior_X = 2496.219238
Interior_Y = -1693.817260
Interior_Z = 1014.742187
Cijena = 2500000
Interior = 3
Virtual = 1342
Zakljucano = 1
