Vlasnik = -/-
Pickup_X = 1114.220458
Pickup_Y = -1861.583984
Pickup_Z = 13.552549
Interior_X = 2496.219238
Interior_Y = -1693.817260
Interior_Z = 1014.742187
Cijena = 2500000
Interior = 3
Virtual = 1324
Zakljucano = 1
