Vlasnik = -/-
Pickup_X = 1109.335571
Pickup_Y = -1861.526855
Pickup_Z = 13.552462
Interior_X = 2496.219238
Interior_Y = -1693.817260
Interior_Z = 1014.742187
Cijena = 2500000
Interior = 3
Virtual = 657
Zakljucano = 1
