Vlasnik = -/-
Pickup_X = 1113.557495
Pickup_Y = -1835.750732
Pickup_Z = 16.600076
Interior_X = 234.199996
Interior_Y = 1064.900024
Interior_Z = 1084.199951
Cijena = 5000000
Interior = 6
Virtual = 76
Zakljucano = 1
