Vlasnik = -/-
Pickup_X = 1969.913208
Pickup_Y = -1671.191894
Pickup_Z = 18.545551
Interior_X = 2196.414794
Interior_Y = -1204.106079
Interior_Z = 1049.023437
Cijena = 3500000
Interior = 6
Virtual = 1224
Zakljucano = 1
