Vlasnik = -/-
Pickup_X = -2278.833007
Pickup_Y = 747.940490
Pickup_Z = 49.439266
Interior_X = 2496.219238
Interior_Y = -1693.817260
Interior_Z = 1014.742187
Cijena = 2500000
Interior = 3
Virtual = 378
Zakljucano = 1
