Vlasnik = -/-
Pickup_X = -2278.442382
Pickup_Y = 767.299377
Pickup_Z = 49.445312
Interior_X = 2496.219238
Interior_Y = -1693.817260
Interior_Z = 1014.742187
Cijena = 2500000
Interior = 3
Virtual = 1470
Zakljucano = 1
