Vlasnik = -/-
Pickup_X = -2278.829589
Pickup_Y = 787.656494
Pickup_Z = 49.445312
Interior_X = 2496.219238
Interior_Y = -1693.817260
Interior_Z = 1014.742187
Cijena = 2500000
Interior = 3
Virtual = 912
Zakljucano = 1
