Vlasnik = -/-
Pickup_X = -2282.415283
Pickup_Y = 873.281921
Pickup_Z = 66.917999
Interior_X = 2496.219238
Interior_Y = -1693.817260
Interior_Z = 1014.742187
Cijena = 2500000
Interior = 3
Virtual = 1430
Zakljucano = 1
