Vlasnik = -/-
Pickup_X = -2233.327880
Pickup_Y = 849.167358
Pickup_Z = 61.898200
Interior_X = 2496.219238
Interior_Y = -1693.817260
Interior_Z = 1014.742187
Cijena = 2500000
Interior = 3
Virtual = 318
Zakljucano = 1
