Vlasnik = -/-
Pickup_X = -2233.560791
Pickup_Y = 830.653564
Pickup_Z = 54.241531
Interior_X = 2496.219238
Interior_Y = -1693.817260
Interior_Z = 1014.742187
Cijena = 2500000
Interior = 3
Virtual = 1183
Zakljucano = 1
