Vlasnik = -/-
Pickup_X = 1974.726440
Pickup_Y = -1671.192382
Pickup_Z = 18.545551
Interior_X = 2496.219238
Interior_Y = -1693.817260
Interior_Z = 1014.742187
Cijena = 2500000
Interior = 3
Virtual = 667
Zakljucano = 1
