Vlasnik = -/-
Pickup_X = -2223.214843
Pickup_Y = 795.856018
Pickup_Z = 49.435016
Interior_X = 2496.219238
Interior_Y = -1693.817260
Interior_Z = 1014.742187
Cijena = 2500000
Interior = 3
Virtual = 1261
Zakljucano = 1
