Vlasnik = -/-
Pickup_X = -2223.646484
Pickup_Y = 820.948913
Pickup_Z = 49.439552
Interior_X = 2496.219238
Interior_Y = -1693.817260
Interior_Z = 1014.742187
Cijena = 2500000
Interior = 3
Virtual = 1325
Zakljucano = 1
