Vlasnik = -/-
Pickup_X = -2205.297119
Pickup_Y = 821.135681
Pickup_Z = 50.487197
Interior_X = 2496.219238
Interior_Y = -1693.817260
Interior_Z = 1014.742187
Cijena = 2500000
Interior = 3
Virtual = 657
Zakljucano = 1
