Vlasnik = -/-
Pickup_X = -2205.339843
Pickup_Y = 796.002380
Pickup_Z = 50.453144
Interior_X = 2496.219238
Interior_Y = -1693.817260
Interior_Z = 1014.742187
Cijena = 2500000
Interior = 3
Virtual = 248
Zakljucano = 1
