Vlasnik = -/-
Pickup_X = -2187.010986
Pickup_Y = 821.134216
Pickup_Z = 57.552787
Interior_X = 2496.219238
Interior_Y = -1693.817260
Interior_Z = 1014.742187
Cijena = 2500000
Interior = 3
Virtual = 1151
Zakljucano = 1
