Vlasnik = -/-
Pickup_X = -2187.092041
Pickup_Y = 795.701538
Pickup_Z = 57.556114
Interior_X = 2496.219238
Interior_Y = -1693.817260
Interior_Z = 1014.742187
Cijena = 2500000
Interior = 3
Virtual = 1053
Zakljucano = 1
