Vlasnik = -/-
Pickup_X = -2168.818603
Pickup_Y = 821.135559
Pickup_Z = 64.973777
Interior_X = 2496.219238
Interior_Y = -1693.817260
Interior_Z = 1014.742187
Cijena = 2500000
Interior = 3
Virtual = 203
Zakljucano = 1
