Vlasnik = -/-
Pickup_X = -2168.738281
Pickup_Y = 795.701232
Pickup_Z = 66.221984
Interior_X = 2496.219238
Interior_Y = -1693.817260
Interior_Z = 1014.742187
Cijena = 2500000
Interior = 3
Virtual = 1435
Zakljucano = 1
