Vlasnik = -/-
Pickup_X = -2159.081542
Pickup_Y = 770.151306
Pickup_Z = 69.517265
Interior_X = 2496.219238
Interior_Y = -1693.817260
Interior_Z = 1014.742187
Cijena = 2500000
Interior = 3
Virtual = 755
Zakljucano = 1
