Vlasnik = -/-
Pickup_X = 1978.767578
Pickup_Y = -1671.606445
Pickup_Z = 18.545551
Interior_X = 2496.219238
Interior_Y = -1693.817260
Interior_Z = 1014.742187
Cijena = 2500000
Interior = 3
Virtual = 683
Zakljucano = 1
