Vlasnik = -/-
Pickup_X = -2159.008544
Pickup_Y = 753.711791
Pickup_Z = 69.518440
Interior_X = 2496.219238
Interior_Y = -1693.817260
Interior_Z = 1014.742187
Cijena = 2500000
Interior = 3
Virtual = 1322
Zakljucano = 1
