Vlasnik = -/-
Pickup_X = -2112.204101
Pickup_Y = 822.096496
Pickup_Z = 69.562500
Interior_X = 2496.219238
Interior_Y = -1693.817260
Interior_Z = 1014.742187
Cijena = 2500000
Interior = 3
Virtual = 529
Zakljucano = 1
