Vlasnik = -/-
Pickup_X = -2093.394287
Pickup_Y = 821.962463
Pickup_Z = 69.562500
Interior_X = 2496.219238
Interior_Y = -1693.817260
Interior_Z = 1014.742187
Cijena = 2500000
Interior = 3
Virtual = 1221
Zakljucano = 1
