Vlasnik = -/-
Pickup_X = -2066.520263
Pickup_Y = 820.640991
Pickup_Z = 64.937881
Interior_X = 2496.219238
Interior_Y = -1693.817260
Interior_Z = 1014.742187
Cijena = 2500000
Interior = 3
Virtual = 481
Zakljucano = 1
