Vlasnik = -/-
Pickup_X = 1980.993286
Pickup_Y = -1682.937500
Pickup_Z = 17.053853
Interior_X = 2196.414794
Interior_Y = -1204.106079
Interior_Z = 1049.023437
Cijena = 3500000
Interior = 6
Virtual = 1366
Zakljucano = 1
