Vlasnik = -/-
Pickup_X = -2048.002929
Pickup_Y = 820.160095
Pickup_Z = 56.934837
Interior_X = 2496.219238
Interior_Y = -1693.817260
Interior_Z = 1014.742187
Cijena = 2500000
Interior = 3
Virtual = 789
Zakljucano = 1
