Vlasnik = -/-
Pickup_X = -2048.065429
Pickup_Y = 746.089843
Pickup_Z = 57.039260
Interior_X = 2496.219238
Interior_Y = -1693.817260
Interior_Z = 1014.742187
Cijena = 2500000
Interior = 3
Virtual = 35
Zakljucano = 1
