Vlasnik = -/-
Pickup_X = -2066.589599
Pickup_Y = 746.090393
Pickup_Z = 64.892608
Interior_X = 2496.219238
Interior_Y = -1693.817260
Interior_Z = 1014.742187
Cijena = 2500000
Interior = 3
Virtual = 671
Zakljucano = 1
