Vlasnik = -/-
Pickup_X = -2167.994384
Pickup_Y = 721.650268
Pickup_Z = 65.245651
Interior_X = 2496.219238
Interior_Y = -1693.817260
Interior_Z = 1014.742187
Cijena = 2500000
Interior = 3
Virtual = 1191
Zakljucano = 1
