Vlasnik = -/-
Pickup_X = -2187.304931
Pickup_Y = 744.007629
Pickup_Z = 57.555202
Interior_X = 2496.219238
Interior_Y = -1693.817260
Interior_Z = 1014.742187
Cijena = 2500000
Interior = 3
Virtual = 956
Zakljucano = 1
