Vlasnik = -/-
Pickup_X = -2205.452148
Pickup_Y = 743.849975
Pickup_Z = 50.466873
Interior_X = 2496.219238
Interior_Y = -1693.817260
Interior_Z = 1014.742187
Cijena = 2500000
Interior = 3
Virtual = 590
Zakljucano = 1
