Vlasnik = -/-
Pickup_X = -2213.496093
Pickup_Y = 720.929504
Pickup_Z = 49.406250
Interior_X = 2196.414794
Interior_Y = -1204.106079
Interior_Z = 1049.023437
Cijena = 3500000
Interior = 6
Virtual = 253
Zakljucano = 1
