Vlasnik = -/-
Pickup_X = -1900.260498
Pickup_Y = 488.192871
Pickup_Z = 35.171875
Interior_X = 234.199996
Interior_Y = 1064.900024
Interior_Z = 1084.199951
Cijena = 5000000
Interior = 6
Virtual = 1153
Zakljucano = 1
