Vlasnik = -/-
Pickup_X = -1942.436889
Pickup_Y = 515.391906
Pickup_Z = 35.171875
Interior_X = 234.199996
Interior_Y = 1064.900024
Interior_Z = 1084.199951
Cijena = 5000000
Interior = 6
Virtual = 1370
Zakljucano = 1
