Vlasnik = -/-
Pickup_X = -2026.480102
Pickup_Y = 66.972351
Pickup_Z = 28.244050
Interior_X = 234.199996
Interior_Y = 1064.900024
Interior_Z = 1084.199951
Cijena = 5000000
Interior = 6
Virtual = 851
Zakljucano = 1
