Vlasnik = -/-
Pickup_X = -2015.872802
Pickup_Y = 16.283920
Pickup_Z = 32.675735
Interior_X = 2496.219238
Interior_Y = -1693.817260
Interior_Z = 1014.742187
Cijena = 2500000
Interior = 3
Virtual = 583
Zakljucano = 1
