Vlasnik = -/-
Pickup_X = -2016.058959
Pickup_Y = 7.076714
Pickup_Z = 33.294952
Interior_X = 2496.219238
Interior_Y = -1693.817260
Interior_Z = 1014.742187
Cijena = 2500000
Interior = 3
Virtual = 617
Zakljucano = 1
