Vlasnik = -/-
Pickup_X = -2016.466308
Pickup_Y = -11.783885
Pickup_Z = 34.335102
Interior_X = 2496.219238
Interior_Y = -1693.817260
Interior_Z = 1014.742187
Cijena = 2500000
Interior = 3
Virtual = 1229
Zakljucano = 1
