Vlasnik = -/-
Pickup_X = -2016.247070
Pickup_Y = -28.939945
Pickup_Z = 34.827663
Interior_X = 2496.219238
Interior_Y = -1693.817260
Interior_Z = 1014.742187
Cijena = 2500000
Interior = 3
Virtual = 292
Zakljucano = 1
