Vlasnik = -/-
Pickup_X = -2016.250610
Pickup_Y = -38.665969
Pickup_Z = 34.901718
Interior_X = 2496.219238
Interior_Y = -1693.817260
Interior_Z = 1014.742187
Cijena = 2500000
Interior = 3
Virtual = 118
Zakljucano = 1
