Vlasnik = -/-
Pickup_X = -2027.554687
Pickup_Y = -41.204536
Pickup_Z = 38.401378
Interior_X = 234.199996
Interior_Y = 1064.900024
Interior_Z = 1084.199951
Cijena = 5000000
Interior = 6
Virtual = 1295
Zakljucano = 1
