Vlasnik = -/-
Pickup_X = 2018.055053
Pickup_Y = -1629.772460
Pickup_Z = 14.042566
Interior_X = 2196.414794
Interior_Y = -1204.106079
Interior_Z = 1049.023437
Cijena = 3500000
Interior = 6
Virtual = 1414
Zakljucano = 1
