Vlasnik = -/-
Pickup_X = 1365.078613
Pickup_Y = -1437.700073
Pickup_Z = 13.083288
Interior_X = 2496.219238
Interior_Y = -1693.817260
Interior_Z = 1014.742187
Cijena = 2500000
Interior = 3
Virtual = 670
Zakljucano = 1
