Vlasnik = -/-
Pickup_X = 1359.896606
Pickup_Y = -1468.946289
Pickup_Z = 13.087422
Interior_X = 2496.219238
Interior_Y = -1693.817260
Interior_Z = 1014.742187
Cijena = 2500000
Interior = 3
Virtual = 671
Zakljucano = 1
