Vlasnik = -/-
Pickup_X = 1357.381103
Pickup_Y = -1478.766723
Pickup_Z = 13.086932
Interior_X = 2496.219238
Interior_Y = -1693.817260
Interior_Z = 1014.742187
Cijena = 2500000
Interior = 3
Virtual = 1031
Zakljucano = 1
