Vlasnik = -/-
Pickup_X = 1297.693237
Pickup_Y = -1424.385986
Pickup_Z = 14.492444
Interior_X = 234.199996
Interior_Y = 1064.900024
Interior_Z = 1084.199951
Cijena = 5000000
Interior = 6
Virtual = 1429
Zakljucano = 1
