Vlasnik = -/-
Pickup_X = 1187.154418
Pickup_Y = -1434.190917
Pickup_Z = 12.998101
Interior_X = 2496.219238
Interior_Y = -1693.817260
Interior_Z = 1014.742187
Cijena = 2500000
Interior = 3
Virtual = 634
Zakljucano = 1
