Vlasnik = -/-
Pickup_X = 1187.088989
Pickup_Y = -1443.665283
Pickup_Z = 13.047658
Interior_X = 2496.219238
Interior_Y = -1693.817260
Interior_Z = 1014.742187
Cijena = 2500000
Interior = 3
Virtual = 820
Zakljucano = 1
