Vlasnik = -/-
Pickup_X = 1187.129272
Pickup_Y = -1454.737182
Pickup_Z = 13.087450
Interior_X = 2496.219238
Interior_Y = -1693.817260
Interior_Z = 1014.742187
Cijena = 2500000
Interior = 3
Virtual = 220
Zakljucano = 1
