Vlasnik = -/-
Pickup_X = 1187.164428
Pickup_Y = -1464.195678
Pickup_Z = 13.087307
Interior_X = 2496.219238
Interior_Y = -1693.817260
Interior_Z = 1014.742187
Cijena = 2500000
Interior = 3
Virtual = 408
Zakljucano = 1
