Vlasnik = -/-
Pickup_X = 1186.992309
Pickup_Y = -1474.508911
Pickup_Z = 13.087433
Interior_X = 2496.219238
Interior_Y = -1693.817260
Interior_Z = 1014.742187
Cijena = 2500000
Interior = 3
Virtual = 470
Zakljucano = 1
