Vlasnik = -/-
Pickup_X = 2065.100585
Pickup_Y = -1703.509399
Pickup_Z = 14.148437
Interior_X = 2196.414794
Interior_Y = -1204.106079
Interior_Z = 1049.023437
Cijena = 3500000
Interior = 6
Virtual = 1136
Zakljucano = 1
