Vlasnik = -/-
Pickup_X = 1186.967529
Pickup_Y = -1513.774047
Pickup_Z = 13.083170
Interior_X = 2496.219238
Interior_Y = -1693.817260
Interior_Z = 1014.742187
Cijena = 2500000
Interior = 3
Virtual = 1177
Zakljucano = 1
