Vlasnik = -/-
Pickup_X = 1186.976074
Pickup_Y = -1530.358032
Pickup_Z = 13.087469
Interior_X = 2496.219238
Interior_Y = -1693.817260
Interior_Z = 1014.742187
Cijena = 2500000
Interior = 3
Virtual = 43
Zakljucano = 1
