Vlasnik = -/-
Pickup_X = 1186.981323
Pickup_Y = -1539.991210
Pickup_Z = 13.084859
Interior_X = 2496.219238
Interior_Y = -1693.817260
Interior_Z = 1014.742187
Cijena = 2500000
Interior = 3
Virtual = 588
Zakljucano = 1
