Vlasnik = -/-
Pickup_X = 1186.987670
Pickup_Y = -1550.528320
Pickup_Z = 13.087431
Interior_X = 2496.219238
Interior_Y = -1693.817260
Interior_Z = 1014.742187
Cijena = 2500000
Interior = 3
Virtual = 362
Zakljucano = 1
