Vlasnik = -/-
Pickup_X = 1179.732543
Pickup_Y = -1563.189819
Pickup_Z = 13.086267
Interior_X = 2496.219238
Interior_Y = -1693.817260
Interior_Z = 1014.742187
Cijena = 2500000
Interior = 3
Virtual = 1452
Zakljucano = 1
