Vlasnik = -/-
Pickup_X = 1162.095336
Pickup_Y = -1563.142822
Pickup_Z = 13.087511
Interior_X = 2496.219238
Interior_Y = -1693.817260
Interior_Z = 1014.742187
Cijena = 2500000
Interior = 3
Virtual = 857
Zakljucano = 1
