Vlasnik = -/-
Pickup_X = 1152.986450
Pickup_Y = -1563.186523
Pickup_Z = 13.084563
Interior_X = 2496.219238
Interior_Y = -1693.817260
Interior_Z = 1014.742187
Cijena = 2500000
Interior = 3
Virtual = 228
Zakljucano = 1
