Vlasnik = -/-
Pickup_X = 1111.067138
Pickup_Y = -1563.406127
Pickup_Z = 13.078451
Interior_X = 2496.219238
Interior_Y = -1693.817260
Interior_Z = 1014.742187
Cijena = 2500000
Interior = 3
Virtual = 597
Zakljucano = 1
