Vlasnik = -/-
Pickup_X = 1062.886718
Pickup_Y = -1563.254150
Pickup_Z = 13.083374
Interior_X = 2496.219238
Interior_Y = -1693.817260
Interior_Z = 1014.742187
Cijena = 2500000
Interior = 3
Virtual = 24
Zakljucano = 1
