Vlasnik = -/-
Pickup_X = 1054.104980
Pickup_Y = -1563.101196
Pickup_Z = 13.079700
Interior_X = 2496.219238
Interior_Y = -1693.817260
Interior_Z = 1014.742187
Cijena = 2500000
Interior = 3
Virtual = 926
Zakljucano = 1
