Vlasnik = -/-
Pickup_X = 1016.934875
Pickup_Y = -1558.266845
Pickup_Z = 14.412762
Interior_X = 2196.414794
Interior_Y = -1204.106079
Interior_Z = 1049.023437
Cijena = 3500000
Interior = 6
Virtual = 1256
Zakljucano = 1
