Vlasnik = -/-
Pickup_X = 1015.934020
Pickup_Y = -1517.194580
Pickup_Z = 13.067930
Interior_X = 2496.219238
Interior_Y = -1693.817260
Interior_Z = 1014.742187
Cijena = 2500000
Interior = 3
Virtual = 925
Zakljucano = 1
