Vlasnik = -/-
Pickup_X = 2067.049316
Pickup_Y = -1731.631713
Pickup_Z = 14.206628
Interior_X = 2196.414794
Interior_Y = -1204.106079
Interior_Z = 1049.023437
Cijena = 3500000
Interior = 6
Virtual = 1495
Zakljucano = 1
