Vlasnik = -/-
Pickup_X = 1015.783386
Pickup_Y = -1508.724243
Pickup_Z = 13.075981
Interior_X = 2496.219238
Interior_Y = -1693.817260
Interior_Z = 1014.742187
Cijena = 2500000
Interior = 3
Virtual = 550
Zakljucano = 1
