Vlasnik = -/-
Pickup_X = 1010.160888
Pickup_Y = -1480.601318
Pickup_Z = 13.128300
Interior_X = 2496.219238
Interior_Y = -1693.817260
Interior_Z = 1014.742187
Cijena = 2500000
Interior = 3
Virtual = 607
Zakljucano = 1
