Vlasnik = -/-
Pickup_X = 1015.269592
Pickup_Y = -1480.424682
Pickup_Z = 13.112411
Interior_X = 2496.219238
Interior_Y = -1693.817260
Interior_Z = 1014.742187
Cijena = 2500000
Interior = 3
Virtual = 194
Zakljucano = 1
