Vlasnik = -/-
Pickup_X = 1033.904663
Pickup_Y = -1480.141479
Pickup_Z = 13.090244
Interior_X = 2496.219238
Interior_Y = -1693.817260
Interior_Z = 1014.742187
Cijena = 2500000
Interior = 3
Virtual = 1333
Zakljucano = 1
