Vlasnik = -/-
Pickup_X = 995.126525
Pickup_Y = -1480.148193
Pickup_Z = 13.090648
Interior_X = 2496.219238
Interior_Y = -1693.817260
Interior_Z = 1014.742187
Cijena = 2500000
Interior = 3
Virtual = 583
Zakljucano = 1
