Vlasnik = -/-
Pickup_X = 991.779235
Pickup_Y = -1480.153686
Pickup_Z = 13.090649
Interior_X = 2496.219238
Interior_Y = -1693.817260
Interior_Z = 1014.742187
Cijena = 2500000
Interior = 3
Virtual = 116
Zakljucano = 1
