Vlasnik = -/-
Pickup_X = 975.612060
Pickup_Y = -1480.162841
Pickup_Z = 13.119630
Interior_X = 2496.219238
Interior_Y = -1693.817260
Interior_Z = 1014.742187
Cijena = 2500000
Interior = 3
Virtual = 981
Zakljucano = 1
