Vlasnik = -/-
Pickup_X = 966.727355
Pickup_Y = -1500.265502
Pickup_Z = 13.087535
Interior_X = 2496.219238
Interior_Y = -1693.817260
Interior_Z = 1014.742187
Cijena = 2500000
Interior = 3
Virtual = 957
Zakljucano = 1
