Vlasnik = -/-
Pickup_X = 984.987365
Pickup_Y = -1500.143432
Pickup_Z = 13.079701
Interior_X = 2496.219238
Interior_Y = -1693.817260
Interior_Z = 1014.742187
Cijena = 2500000
Interior = 3
Virtual = 810
Zakljucano = 1
