Vlasnik = -/-
Pickup_X = 995.028625
Pickup_Y = -1500.264404
Pickup_Z = 13.088088
Interior_X = 2496.219238
Interior_Y = -1693.817260
Interior_Z = 1014.742187
Cijena = 2500000
Interior = 3
Virtual = 345
Zakljucano = 1
