Vlasnik = -/-
Pickup_X = 1003.894042
Pickup_Y = -1500.240722
Pickup_Z = 13.083567
Interior_X = 2496.219238
Interior_Y = -1693.817260
Interior_Z = 1014.742187
Cijena = 2500000
Interior = 3
Virtual = 328
Zakljucano = 1
