Vlasnik = -/-
Pickup_X = 1013.112121
Pickup_Y = -1500.214233
Pickup_Z = 13.082187
Interior_X = 2496.219238
Interior_Y = -1693.817260
Interior_Z = 1014.742187
Cijena = 2500000
Interior = 3
Virtual = 458
Zakljucano = 1
