Vlasnik = -/-
Pickup_X = 1045.783813
Pickup_Y = -1208.536499
Pickup_Z = 16.863718
Interior_X = 2496.219238
Interior_Y = -1693.817260
Interior_Z = 1014.742187
Cijena = 2500000
Interior = 3
Virtual = 1311
Zakljucano = 1
