Vlasnik = -/-
Pickup_X = 1044.987915
Pickup_Y = -1194.748779
Pickup_Z = 19.346345
Interior_X = 2496.219238
Interior_Y = -1693.817260
Interior_Z = 1014.742187
Cijena = 2500000
Interior = 3
Virtual = 902
Zakljucano = 1
