Vlasnik = -/-
Pickup_X = 1044.878295
Pickup_Y = -1187.842163
Pickup_Z = 20.549961
Interior_X = 2496.219238
Interior_Y = -1693.817260
Interior_Z = 1014.742187
Cijena = 2500000
Interior = 3
Virtual = 691
Zakljucano = 1
