Vlasnik = -/-
Pickup_X = 1044.792846
Pickup_Y = -1180.979980
Pickup_Z = 21.689872
Interior_X = 2496.219238
Interior_Y = -1693.817260
Interior_Z = 1014.742187
Cijena = 2500000
Interior = 3
Virtual = 987
Zakljucano = 1
