Vlasnik = -/-
Pickup_X = 1071.126220
Pickup_Y = -1187.068481
Pickup_Z = 20.678665
Interior_X = 2496.219238
Interior_Y = -1693.817260
Interior_Z = 1014.742187
Cijena = 2500000
Interior = 3
Virtual = 1131
Zakljucano = 1
