Vlasnik = -/-
Pickup_X = 1071.156982
Pickup_Y = -1194.065185
Pickup_Z = 19.466432
Interior_X = 2496.219238
Interior_Y = -1693.817260
Interior_Z = 1014.742187
Cijena = 2500000
Interior = 3
Virtual = 1064
Zakljucano = 1
