Vlasnik = -/-
Pickup_X = 1071.342773
Pickup_Y = -1201.115722
Pickup_Z = 18.195522
Interior_X = 2496.219238
Interior_Y = -1693.817260
Interior_Z = 1014.742187
Cijena = 2500000
Interior = 3
Virtual = 1051
Zakljucano = 1
