Vlasnik = -/-
Pickup_X = 1071.756713
Pickup_Y = -1214.209106
Pickup_Z = 16.430238
Interior_X = 2496.219238
Interior_Y = -1693.817260
Interior_Z = 1014.742187
Cijena = 2500000
Interior = 3
Virtual = 177
Zakljucano = 1
