Vlasnik = -/-
Pickup_X = 1071.823242
Pickup_Y = -1228.304687
Pickup_Z = 16.431232
Interior_X = 2496.219238
Interior_Y = -1693.817260
Interior_Z = 1014.742187
Cijena = 2500000
Interior = 3
Virtual = 281
Zakljucano = 1
