Vlasnik = -/-
Pickup_X = 1285.496093
Pickup_Y = -1308.670410
Pickup_Z = 13.082323
Interior_X = 2196.414794
Interior_Y = -1204.106079
Interior_Z = 1049.023437
Cijena = 3500000
Interior = 6
Virtual = 912
Zakljucano = 1
