Vlasnik = -/-
Pickup_X = 1285.941406
Pickup_Y = -1329.147094
Pickup_Z = 13.091626
Interior_X = 2196.414794
Interior_Y = -1204.106079
Interior_Z = 1049.023437
Cijena = 3500000
Interior = 6
Virtual = 637
Zakljucano = 1
