Vlasnik = -/-
Pickup_X = 2067.987792
Pickup_Y = -1629.145263
Pickup_Z = 13.876157
Interior_X = 2196.414794
Interior_Y = -1204.106079
Interior_Z = 1049.023437
Cijena = 3500000
Interior = 6
Virtual = 1302
Zakljucano = 1
