Vlasnik = -/-
Pickup_X = 1049.767944
Pickup_Y = -1533.117919
Pickup_Z = 13.087733
Interior_X = 2496.219238
Interior_Y = -1693.817260
Interior_Z = 1014.742187
Cijena = 2500000
Interior = 3
Virtual = 390
Zakljucano = 1
