Vlasnik = -/-
Pickup_X = 1051.919067
Pickup_Y = -1524.888793
Pickup_Z = 13.095571
Interior_X = 2496.219238
Interior_Y = -1693.817260
Interior_Z = 1014.742187
Cijena = 2500000
Interior = 3
Virtual = 1369
Zakljucano = 1
