Vlasnik = -/-
Pickup_X = 1062.485351
Pickup_Y = -1485.720214
Pickup_Z = 13.086713
Interior_X = 2496.219238
Interior_Y = -1693.817260
Interior_Z = 1014.742187
Cijena = 2500000
Interior = 3
Virtual = 658
Zakljucano = 1
