Vlasnik = -/-
Pickup_X = 1067.392822
Pickup_Y = -1467.667480
Pickup_Z = 13.082582
Interior_X = 2496.219238
Interior_Y = -1693.817260
Interior_Z = 1014.742187
Cijena = 2500000
Interior = 3
Virtual = 216
Zakljucano = 1
