Vlasnik = -/-
Pickup_X = 2151.246337
Pickup_Y = -1789.248291
Pickup_Z = 13.509562
Interior_X = 2496.219238
Interior_Y = -1693.817260
Interior_Z = 1014.742187
Cijena = 2500000
Interior = 3
Virtual = 193
Zakljucano = 1
