Vlasnik = -/-
Pickup_X = 1068.925415
Pickup_Y = -1459.417846
Pickup_Z = 13.087098
Interior_X = 2496.219238
Interior_Y = -1693.817260
Interior_Z = 1014.742187
Cijena = 2500000
Interior = 3
Virtual = 1341
Zakljucano = 1
