Vlasnik = -/-
Pickup_X = 1070.935791
Pickup_Y = -1440.629272
Pickup_Z = 13.091155
Interior_X = 2496.219238
Interior_Y = -1693.817260
Interior_Z = 1014.742187
Cijena = 2500000
Interior = 3
Virtual = 1009
Zakljucano = 1
