Vlasnik = -/-
Pickup_X = 1276.322631
Pickup_Y = -1029.419311
Pickup_Z = 31.716194
Interior_X = 2496.219238
Interior_Y = -1693.817260
Interior_Z = 1014.742187
Cijena = 2500000
Interior = 3
Virtual = 1452
Zakljucano = 1
