Vlasnik = -/-
Pickup_X = 1282.376831
Pickup_Y = -1029.407714
Pickup_Z = 31.364503
Interior_X = 2496.219238
Interior_Y = -1693.817260
Interior_Z = 1014.742187
Cijena = 2500000
Interior = 3
Virtual = 1126
Zakljucano = 1
