Vlasnik = -/-
Pickup_X = 1273.548461
Pickup_Y = -1020.187255
Pickup_Z = 32.658767
Interior_X = 2496.219238
Interior_Y = -1693.817260
Interior_Z = 1014.742187
Cijena = 2500000
Interior = 3
Virtual = 294
Zakljucano = 1
