Vlasnik = -/-
Pickup_X = 1273.575805
Pickup_Y = -1026.187988
Pickup_Z = 32.102863
Interior_X = 2496.219238
Interior_Y = -1693.817260
Interior_Z = 1014.742187
Cijena = 2500000
Interior = 3
Virtual = 530
Zakljucano = 1
