Vlasnik = -/-
Pickup_X = 1273.637084
Pickup_Y = -1009.934082
Pickup_Z = 33.614929
Interior_X = 2496.219238
Interior_Y = -1693.817260
Interior_Z = 1014.742187
Cijena = 2500000
Interior = 3
Virtual = 1311
Zakljucano = 1
