Vlasnik = -/-
Pickup_X = 1087.719726
Pickup_Y = -923.339843
Pickup_Z = 42.931083
Interior_X = 234.199996
Interior_Y = 1064.900024
Interior_Z = 1084.199951
Cijena = 5000000
Interior = 6
Virtual = 1109
Zakljucano = 1
