Vlasnik = -/-
Pickup_X = 818.777709
Pickup_Y = -1059.033325
Pickup_Z = 24.587303
Interior_X = 2496.219238
Interior_Y = -1693.817260
Interior_Z = 1014.742187
Cijena = 2500000
Interior = 3
Virtual = 825
Zakljucano = 1
