Vlasnik = -/-
Pickup_X = 2151.432373
Pickup_Y = -1807.656494
Pickup_Z = 13.546398
Interior_X = 2496.219238
Interior_Y = -1693.817260
Interior_Z = 1014.742187
Cijena = 2500000
Interior = 3
Virtual = 655
Zakljucano = 1
