Vlasnik = -/-
Pickup_X = 811.990783
Pickup_Y = -1060.796264
Pickup_Z = 24.498977
Interior_X = 2496.219238
Interior_Y = -1693.817260
Interior_Z = 1014.742187
Cijena = 2500000
Interior = 3
Virtual = 412
Zakljucano = 1
