Vlasnik = -/-
Pickup_X = 729.135803
Pickup_Y = -1276.522949
Pickup_Z = 13.146911
Interior_X = 234.199996
Interior_Y = 1064.900024
Interior_Z = 1084.199951
Cijena = 5000000
Interior = 6
Virtual = 580
Zakljucano = 1
