Vlasnik = -/-
Pickup_X = 379.724426
Pickup_Y = -1379.613159
Pickup_Z = 14.233680
Interior_X = 2496.219238
Interior_Y = -1693.817260
Interior_Z = 1014.742187
Cijena = 2500000
Interior = 3
Virtual = 979
Zakljucano = 1
