Vlasnik = -/-
Pickup_X = 373.620788
Pickup_Y = -1382.794677
Pickup_Z = 14.189979
Interior_X = 2496.219238
Interior_Y = -1693.817260
Interior_Z = 1014.742187
Cijena = 2500000
Interior = 3
Virtual = 837
Zakljucano = 1
