Vlasnik = -/-
Pickup_X = 368.074554
Pickup_Y = -1385.700073
Pickup_Z = 14.149257
Interior_X = 2496.219238
Interior_Y = -1693.817260
Interior_Z = 1014.742187
Cijena = 2500000
Interior = 3
Virtual = 872
Zakljucano = 1
