Vlasnik = -/-
Pickup_X = 361.607269
Pickup_Y = -1389.093505
Pickup_Z = 14.068189
Interior_X = 2496.219238
Interior_Y = -1693.817260
Interior_Z = 1014.742187
Cijena = 2500000
Interior = 3
Virtual = 551
Zakljucano = 1
