Vlasnik = -/-
Pickup_X = 305.225372
Pickup_Y = -1418.680053
Pickup_Z = 13.657442
Interior_X = 2496.219238
Interior_Y = -1693.817260
Interior_Z = 1014.742187
Cijena = 2500000
Interior = 3
Virtual = 1419
Zakljucano = 1
