Vlasnik = -/-
Pickup_X = 309.422912
Pickup_Y = -1416.815429
Pickup_Z = 13.690427
Interior_X = 2496.219238
Interior_Y = -1693.817260
Interior_Z = 1014.742187
Cijena = 2500000
Interior = 3
Virtual = 1466
Zakljucano = 1
