Vlasnik = -/-
Pickup_X = 314.139099
Pickup_Y = -1414.775878
Pickup_Z = 13.733765
Interior_X = 2496.219238
Interior_Y = -1693.817260
Interior_Z = 1014.742187
Cijena = 2500000
Interior = 3
Virtual = 369
Zakljucano = 1
