Vlasnik = -/-
Pickup_X = 331.001251
Pickup_Y = -1406.341186
Pickup_Z = 13.865365
Interior_X = 2496.219238
Interior_Y = -1693.817260
Interior_Z = 1014.742187
Cijena = 2500000
Interior = 3
Virtual = 482
Zakljucano = 1
