Vlasnik = -/-
Pickup_X = 335.446960
Pickup_Y = -1404.115234
Pickup_Z = 13.899789
Interior_X = 2496.219238
Interior_Y = -1693.817260
Interior_Z = 1014.742187
Cijena = 2500000
Interior = 3
Virtual = 175
Zakljucano = 1
