Vlasnik = -/-
Pickup_X = 343.562164
Pickup_Y = -1399.914672
Pickup_Z = 13.960539
Interior_X = 2496.219238
Interior_Y = -1693.817260
Interior_Z = 1014.742187
Cijena = 2500000
Interior = 3
Virtual = 1477
Zakljucano = 1
