Vlasnik = -/-
Pickup_X = 348.147918
Pickup_Y = -1397.421386
Pickup_Z = 13.983199
Interior_X = 2496.219238
Interior_Y = -1693.817260
Interior_Z = 1014.742187
Cijena = 2500000
Interior = 3
Virtual = 1330
Zakljucano = 1
