Vlasnik = -/-
Pickup_X = 351.965972
Pickup_Y = -1395.343627
Pickup_Z = 13.996185
Interior_X = 2496.219238
Interior_Y = -1693.817260
Interior_Z = 1014.742187
Cijena = 2500000
Interior = 3
Virtual = 1013
Zakljucano = 1
