Vlasnik = -/-
Pickup_X = 335.496002
Pickup_Y = -1336.266357
Pickup_Z = 14.053067
Interior_X = 234.199996
Interior_Y = 1064.900024
Interior_Z = 1084.199951
Cijena = 5000000
Interior = 6
Virtual = 1121
Zakljucano = 1
